5.850816553240722715e+04 7.275979116030364957e-02 6.695725999999999658e+02 7.109315000000000282e+02 1.619828999999999951e+03
5.850816675925940945e+04 7.226089322242258695e-02 6.698844000000000278e+02 7.115720000000000027e+02 1.689694999999999936e+03
5.850816799768513738e+04 7.244478052114072808e-02 6.709824999999999591e+02 7.118568999999999960e+02 1.658080999999999904e+03
5.850816923611133097e+04 7.211971906632545781e-02 6.727899999999999636e+02 7.118429999999999609e+02 1.433528000000000020e+03
5.850817047453705891e+04 7.250318925502929890e-02 6.750081000000000131e+02 7.122335000000000491e+02 1.722450000000000045e+03
5.850817171296278684e+04 7.310317278203003200e-02 6.763088999999999942e+02 7.125751000000000204e+02 1.604280999999999949e+03
5.850817295138898044e+04 7.245593229360516863e-02 6.780606000000000222e+02 7.132196999999999889e+02 1.713602000000000089e+03
5.850817420138871967e+04 7.288157763045244319e-02 6.801117000000000417e+02 7.135774000000000115e+02 1.650385999999999967e+03
5.850817543981491326e+04 7.267267782471430182e-02 6.820154999999999745e+02 7.140340999999999667e+02 1.564453999999999951e+03
5.850817668981465249e+04 7.278505965534677602e-02 6.838283999999999878e+02 7.146390000000000100e+02 1.862395999999999958e+03
5.850817791666683479e+04 7.452482898493772989e-02 6.854193999999999960e+02 7.151843999999999824e+02 1.723813000000000102e+03
5.850817915509256272e+04 7.355390152760238331e-02 6.870890000000000555e+02 7.157682999999999538e+02 1.486638999999999896e+03
5.850818039351829066e+04 7.242288007766581326e-02 6.888591999999999871e+02 7.164234999999999900e+02 1.689015000000000100e+03
5.850818163194448425e+04 7.326630408272591377e-02 6.907428999999999633e+02 7.176381999999999834e+02 1.346344000000000051e+03
5.850818285879620089e+04 7.287565471891170599e-02 6.928043999999999869e+02 7.183644000000000460e+02 1.406488000000000056e+03
5.850818409722239448e+04 7.230728707812363043e-02 6.950327999999999520e+02 7.188796999999999571e+02 1.465353000000000065e+03
5.850818533564812242e+04 7.161433128372651780e-02 6.972287999999999784e+02 7.198668000000000120e+02 1.352457000000000107e+03
5.850818657407385035e+04 7.086775647340330664e-02 6.992495000000000118e+02 7.206444999999999936e+02 1.563334000000000060e+03
5.850819016203690990e+04 7.195997070515973426e-02 7.107481999999999971e+02 7.165398999999999887e+02 1.895625999999999976e+03
5.850819140046310349e+04 7.135347231992600348e-02 7.106784000000000106e+02 7.170874999999999773e+02 1.701711999999999989e+03
5.850819263888883142e+04 7.114881322003811792e-02 7.113931000000000040e+02 7.176228999999999587e+02 7.981464999999999463e+02
5.850819387731502502e+04 7.176112183767940911e-02 7.130144999999999982e+02 7.185041999999999689e+02 8.339791000000000167e+02
5.850819510416674166e+04 7.009970544488069999e-02 7.144986999999999853e+02 7.192672000000000025e+02 8.057344000000000506e+02
5.850819635416648089e+04 7.072577162713573895e-02 7.163964999999999463e+02 7.205575999999999794e+02 8.770404999999999518e+02
5.850819759259267448e+04 7.170661617165427493e-02 7.181340000000000146e+02 7.213640000000000327e+02 1.154557999999999993e+03
5.850819883101840242e+04 7.016999581285425502e-02 7.202989000000000033e+02 7.221264999999999645e+02 1.211920000000000073e+03
5.850820006944459601e+04 7.198897524981374973e-02 7.220768000000000484e+02 7.227164000000000215e+02 8.378763000000000147e+02
5.850820131944433524e+04 7.115121419288789051e-02 7.242611000000000558e+02 7.242313000000000329e+02 1.077451999999999998e+03
5.850820255787052884e+04 7.309265602134505657e-02 7.261685999999999694e+02 7.246369999999999436e+02 1.308167999999999893e+03
5.850820379629625677e+04 7.241575449912211748e-02 7.284987999999999602e+02 7.255121000000000322e+02 1.022865999999999985e+03
5.850820503472245036e+04 7.311739023412071325e-02 7.305100999999999658e+02 7.262142000000000053e+02 1.435837999999999965e+03
5.850820626157416700e+04 7.184700627046650134e-02 7.324891999999999825e+02 7.265479000000000269e+02 1.383481999999999971e+03
5.850820749999989494e+04 7.247984939064285037e-02 7.347226000000000568e+02 7.274918000000000120e+02 1.289643000000000029e+03
5.850820873842608853e+04 7.015218172113914241e-02 7.362788000000000466e+02 7.286545999999999594e+02 1.076758000000000038e+03
5.850820996527780517e+04 7.242785159594949951e-02 7.384600000000000364e+02 7.293264000000000351e+02 1.150982999999999947e+03
5.850821120370353310e+04 7.087297668699275854e-02 7.399682000000000244e+02 7.302636999999999716e+02 1.420416999999999916e+03
5.850821244212972670e+04 7.131363623794681472e-02 7.425385999999999740e+02 7.312536000000000058e+02 1.614950000000000045e+03
5.850824493055545463e+04 6.928863730018530731e-02 7.811135000000000446e+02 1.213541099999999915e+03 1.824145999999999958e+03
5.850824616898164822e+04 6.960547284736021134e-02 7.815747000000000071e+02 1.214471800000000030e+03 2.047411000000000058e+03
5.850824740740737616e+04 7.087482256830333893e-02 7.805307999999999993e+02 1.215108899999999949e+03 2.016877999999999929e+03
5.850824863425909280e+04 7.182126449985522243e-02 7.789846999999999753e+02 1.215569099999999935e+03 1.880654999999999973e+03
5.850824987268528639e+04 6.889648651457247475e-02 7.779160000000000537e+02 1.216773599999999988e+03 1.851866999999999962e+03
5.850825111111101432e+04 7.103313448264771124e-02 7.763664999999999736e+02 1.217595700000000079e+03 1.792326000000000022e+03
5.850825236111121922e+04 7.106314216800425909e-02 7.736276000000000295e+02 1.217240000000000009e+03 1.339208000000000084e+03
5.850825359953694715e+04 7.067721259627712804e-02 7.689948000000000548e+02 1.216015300000000025e+03 1.144722999999999956e+03
5.850825482638866379e+04 7.005581844416863824e-02 7.661839999999999691e+02 1.215608300000000099e+03 1.704878999999999905e+03
5.850825606481485738e+04 7.046235464840089335e-02 7.646482999999999493e+02 1.215965500000000020e+03 1.602333000000000084e+03
5.850825729166657402e+04 7.143937553244784910e-02 7.622686999999999671e+02 1.215503799999999956e+03 1.038056000000000040e+03
5.850825854166677891e+04 7.093584905191262224e-02 7.598073000000000548e+02 1.215240000000000009e+03 1.594153000000000020e+03
5.850825979166651814e+04 7.167984667211504957e-02 7.573623999999999796e+02 1.214976100000000088e+03 1.279221999999999980e+03
5.850826104166672303e+04 7.233959301757592053e-02 7.548438999999999623e+02 1.214627400000000080e+03 1.162448000000000093e+03
5.850826228009245096e+04 7.256371590717594633e-02 7.524260000000000446e+02 1.214845900000000029e+03 1.597741999999999962e+03
5.850826351851864456e+04 7.027052733835868759e-02 7.510093000000000529e+02 1.215180900000000065e+03 1.523554000000000087e+03
5.850826474537036120e+04 7.242204276022171094e-02 7.495167999999999893e+02 1.215602799999999888e+03 1.676506000000000085e+03
5.850826598379608913e+04 7.105447056931150918e-02 7.481747000000000298e+02 1.215877600000000029e+03 1.466443999999999960e+03
5.850826723379629402e+04 7.129303454736829471e-02 7.455664000000000442e+02 1.215227200000000039e+03 1.240695999999999913e+03
5.850826846064801066e+04 7.083077308545161765e-02 7.425479000000000269e+02 1.214364499999999907e+03 1.105814000000000078e+03
5.850826968750019296e+04 7.069291840142191696e-02 7.391105000000000018e+02 1.213548800000000028e+03 9.592172000000000480e+02
5.850827093749993219e+04 7.203525592209152062e-02 7.364343000000000075e+02 1.213010099999999966e+03 1.324530999999999949e+03
5.850827217592612578e+04 7.248317445852910101e-02 7.349624999999999773e+02 1.213452099999999973e+03 1.215548000000000002e+03
5.850827341435185372e+04 7.065160504494770455e-02 7.315819999999999936e+02 1.212442399999999907e+03 9.067762000000000171e+02
5.850827464120357035e+04 7.330033168946015198e-02 7.279909999999999854e+02 1.211982500000000073e+03 1.391063000000000102e+03
5.850827587962976395e+04 7.251090873174469154e-02 7.252996000000000549e+02 1.211527700000000095e+03 1.112951000000000022e+03
5.850827711805549188e+04 7.170312298013700736e-02 7.225107000000000426e+02 1.211351599999999962e+03 1.217450000000000045e+03
5.850827835648168548e+04 7.262477408766096487e-02 7.195339999999999918e+02 1.210743400000000065e+03 1.200957000000000107e+03
5.850828224537043570e+04 7.360833522337502377e-02 7.045226000000000113e+02 1.212945899999999938e+03 1.344980000000000018e+03
5.850828348379616364e+04 7.395161388087487242e-02 7.044202000000000226e+02 1.213473899999999958e+03 1.552663000000000011e+03
5.850828471064834594e+04 7.346367546713845897e-02 7.030214999999999463e+02 1.213327600000000075e+03 1.499280999999999949e+03
5.850828594907407387e+04 7.329264953660187543e-02 7.003714999999999691e+02 1.212595000000000027e+03 1.194068999999999960e+03
5.850828718749980180e+04 7.401697734023861275e-02 6.974940000000000282e+02 1.212055800000000090e+03 1.065250999999999976e+03
5.850828843750000669e+04 7.342031379053458318e-02 6.952338999999999487e+02 1.211862499999999955e+03 1.312156999999999925e+03
5.850828966435172333e+04 7.362900785474223164e-02 6.926285000000000309e+02 1.211331400000000031e+03 1.009644000000000005e+03
5.850829091435192822e+04 7.393532942110828121e-02 6.913233999999999924e+02 1.210875700000000052e+03 1.344058999999999969e+03
5.850829215277765616e+04 7.518581630212604894e-02 6.896393000000000484e+02 1.210455699999999979e+03 1.174478000000000065e+03
5.850829337962983846e+04 7.272600582027839711e-02 6.876609999999999445e+02 1.210344200000000001e+03 1.057961000000000013e+03
5.850829462962957768e+04 7.263776250702899673e-02 6.854715999999999667e+02 1.209706699999999955e+03 9.197071999999999434e+02
5.850829587962978258e+04 7.472149386869429699e-02 6.839004999999999654e+02 1.209602200000000039e+03 1.117733999999999924e+03
5.850829712962952181e+04 7.389815538078058077e-02 6.825784999999999627e+02 1.209624600000000100e+03 8.596980999999999540e+02
5.850829837962972670e+04 7.397228907239737639e-02 6.798274999999999864e+02 1.208842499999999973e+03 1.010522000000000048e+03
5.850829961805545463e+04 7.169671685879276668e-02 6.778760999999999513e+02 1.208512699999999995e+03 1.100208000000000084e+03
5.850830085648164822e+04 7.364404160786304498e-02 6.763835000000000264e+02 1.208370499999999993e+03 7.954070000000000391e+02
5.850830208333336486e+04 7.391871491191394361e-02 6.743694000000000415e+02 1.207329099999999926e+03 1.016542000000000030e+03
5.850830331018508150e+04 7.227969340502561624e-02 6.721254000000000133e+02 1.206677400000000034e+03 7.677821000000000140e+02
5.850830454861127510e+04 7.287941940908117255e-02 6.705515000000000327e+02 1.206138099999999895e+03 8.317631999999999834e+02
5.850830577546299173e+04 7.435529136041689469e-02 6.686037999999999784e+02 1.205637199999999893e+03 9.300035000000000309e+02
5.850830701388871967e+04 7.122118090590545680e-02 6.668535000000000537e+02 1.205152199999999993e+03 7.132306999999999562e+02
5.850830824074090197e+04 7.209339393329593226e-02 6.650259999999999536e+02 1.204310300000000097e+03 8.004614000000000260e+02
