GJD-2450000 flux err airmass sky dx dy fwhm peak baserun
8539.902390 0.892505 0.068288 1.6088 1400.0 -27.807 27.151 4.47 2632.0 MSCT1_1902250056
8539.902760 0.866022 0.019990 1.6054 1148.4 -30.998 24.082 6.38 3881.0 MSCT1_1902250057
8539.903131 1.020794 0.011555 1.6014 857.8 -30.214 25.229 5.16 6769.0 MSCT1_1902250058
8539.903501 0.961769 0.041744 1.5974 1006.0 -28.992 24.738 4.61 2850.0 MSCT1_1902250059
8539.903872 1.023296 0.016940 1.5935 804.4 -30.505 25.264 4.26 5340.0 MSCT1_1902250060
8539.904230 1.032937 0.024057 1.5902 812.4 -31.355 25.112 4.83 3323.0 MSCT1_1902250061
8539.904601 0.982359 0.031590 1.5863 801.3 -30.740 24.260 4.13 3154.0 MSCT1_1902250062
8539.904971 1.052110 0.074102 1.5824 812.2 -31.400 24.343 5.64 1789.0 MSCT1_1902250063
8539.905700 1.125511 0.104697 1.5754 742.8 -30.748 23.294 9.20 1246.0 MSCT1_1902250065
8539.914520 0.748896 0.021795 1.4937 418.7 -25.369 18.377 8.50 1424.0 MSCT1_1902250089
8539.914890 1.006338 0.010380 1.4909 354.0 -25.990 18.182 6.53 3604.0 MSCT1_1902250090
8539.915260 0.978397 0.007400 1.4876 326.6 -26.519 17.837 6.40 4013.0 MSCT1_1902250091
8539.915631 0.963163 0.008813 1.4844 335.1 -26.244 16.944 6.36 3568.0 MSCT1_1902250092
8539.915990 1.019365 0.010484 1.4817 336.3 -26.882 17.748 6.53 2729.0 MSCT1_1902250093
8539.916360 1.122164 0.096614 1.4785 410.5 -31.260 16.003 11.17 725.0 MSCT1_1902250094
8539.918189 2.803616 118.947334 1.4632 661.0 30.797 36.195 0.00 718.0 MSCT1_1902250099
8539.919659 2.803616 111.017511 1.4515 581.2 30.797 36.195 0.00 647.0 MSCT1_1902250103
8539.920388 2.803616 114.982422 1.4460 644.0 30.797 36.195 0.00 704.0 MSCT1_1902250105
8539.923328 1.253524 0.047071 1.4235 475.1 -20.860 13.134 8.97 980.0 MSCT1_1902250113
8539.952737 1.005281 0.010417 1.2488 224.5 3.037 0.663 7.01 2116.0 MSCT1_1902250133
8539.955666 1.014742 0.024937 1.2356 257.7 7.831 0.596 7.60 968.0 MSCT1_1902250141
8539.956024 0.955734 0.009141 1.2338 213.5 7.417 -1.136 7.13 2312.0 MSCT1_1902250142
8539.956395 1.028263 0.008854 1.2321 209.3 -0.857 -1.345 7.58 2591.0 MSCT1_1902250143
8539.957865 1.005147 0.012799 1.2259 235.1 -7.846 -1.328 6.46 2028.0 MSCT1_1902250147
8539.958223 1.030690 0.008304 1.2243 223.7 -5.884 -1.127 7.44 2801.0 MSCT1_1902250148
8539.958594 1.050442 0.018081 1.2226 284.9 -4.886 -0.114 7.13 1518.0 MSCT1_1902250149
8539.958964 1.038662 0.057415 1.2210 344.6 -3.600 -2.258 6.03 853.0 MSCT1_1902250150
8539.961522 0.971474 0.021571 1.2105 239.3 0.823 -1.573 6.74 1347.0 MSCT1_1902250157
8539.961892 0.988076 0.039320 1.2090 227.9 0.822 -1.315 8.22 723.0 MSCT1_1902250158
8539.962263 1.016781 0.077543 1.2074 242.2 2.074 1.223 11.96 498.0 MSCT1_1902250159
8539.962622 1.001536 0.013854 1.2059 200.5 3.073 -1.507 7.39 1676.0 MSCT1_1902250160
8539.962992 1.033118 0.093435 1.2046 225.8 0.249 -1.611 12.09 496.0 MSCT1_1902250161
8539.963362 1.037554 0.010953 1.2030 196.6 -0.021 -1.028 5.40 3085.0 MSCT1_1902250162
8539.963721 0.946026 0.011533 1.2015 200.5 0.518 -1.428 5.92 3301.0 MSCT1_1902250163
8539.964091 1.023472 0.006883 1.2003 179.7 1.968 -0.528 5.09 5726.0 MSCT1_1902250164
8539.964462 1.019415 0.006557 1.1988 174.4 -0.337 -1.127 6.05 4834.0 MSCT1_1902250165
8539.964821 1.021820 0.005658 1.1973 162.4 -0.832 -1.565 5.70 6534.0 MSCT1_1902250166
8539.965191 1.016331 0.005662 1.1960 163.6 0.145 -0.573 5.20 7002.0 MSCT1_1902250167
8539.965550 1.022983 0.005437 1.1946 161.2 -0.625 -1.043 5.79 6681.0 MSCT1_1902250168
8539.965920 1.019058 0.005559 1.1931 160.9 -1.421 -1.710 5.32 7938.0 MSCT1_1902250169
8539.966291 1.007010 0.005730 1.1916 163.5 -1.235 -0.718 5.48 6794.0 MSCT1_1902250170
8539.966649 1.017951 0.005624 1.1904 161.8 -1.315 -0.652 5.38 7199.0 MSCT1_1902250171
8539.967020 1.018523 0.005570 1.1890 159.3 -1.211 -0.123 4.88 8023.0 MSCT1_1902250172
8539.967390 1.018305 0.005605 1.1876 160.4 0.348 0.128 5.92 6181.0 MSCT1_1902250173
8539.967749 1.027425 0.006753 1.1861 169.6 -0.815 -0.700 6.20 4606.0 MSCT1_1902250174
8539.968119 0.955146 0.009175 1.1849 182.4 -1.282 -0.810 5.08 3933.0 MSCT1_1902250175
8539.968490 0.995024 0.006178 1.1835 165.2 -1.185 -0.252 4.83 7306.0 MSCT1_1902250176
8539.968848 1.039614 0.005931 1.1821 159.1 -0.734 -1.161 5.44 6927.0 MSCT1_1902250177
8539.969219 1.014157 0.006271 1.1810 164.4 -0.151 -1.071 5.43 6493.0 MSCT1_1902250178
8539.969589 1.008813 0.006079 1.1796 162.4 1.687 -0.459 5.33 6770.0 MSCT1_1902250179
8539.969948 1.013699 0.005316 1.1782 148.9 0.695 0.081 6.30 5985.0 MSCT1_1902250180
8539.970318 0.999434 0.005268 1.1771 149.4 -1.873 -1.241 5.80 6903.0 MSCT1_1902250181
8539.970689 0.996886 0.006785 1.1757 167.5 -2.193 -0.536 5.17 5603.0 MSCT1_1902250182
8539.971047 1.005550 0.005679 1.1744 154.6 -2.203 -0.825 5.21 7312.0 MSCT1_1902250183
8539.971418 1.007969 0.005406 1.1730 149.9 -1.403 -0.303 4.97 8199.0 MSCT1_1902250184
8539.971788 1.009084 0.005147 1.1719 144.5 -0.647 -0.180 4.83 8477.0 MSCT1_1902250185
8539.972147 1.001101 0.005073 1.1706 146.3 -0.520 -0.019 4.71 8898.0 MSCT1_1902250186
8539.972517 1.009091 0.005142 1.1692 145.8 0.120 -1.464 4.94 8143.0 MSCT1_1902250187
8539.972888 1.011175 0.005098 1.1682 142.1 -1.594 -0.606 5.10 8322.0 MSCT1_1902250188
8539.973247 1.009756 0.005014 1.1668 141.0 -1.821 -0.887 4.85 10144.0 MSCT1_1902250189
8539.973617 1.003086 0.004999 1.1655 140.6 -1.355 -0.351 4.66 10600.0 MSCT1_1902250190
8539.973976 1.009119 0.004947 1.1644 137.7 -0.566 -0.724 5.03 10266.0 MSCT1_1902250191
8539.974346 1.008583 0.004921 1.1631 137.0 -0.237 0.244 4.49 11061.0 MSCT1_1902250192
8539.974716 1.004687 0.004918 1.1619 138.6 0.482 -1.008 4.83 10318.0 MSCT1_1902250193
8539.975075 1.011159 0.004932 1.1608 136.2 -0.007 -0.183 4.64 9494.0 MSCT1_1902250194
8539.975446 1.003140 0.004883 1.1596 135.1 0.147 -0.771 4.32 11719.0 MSCT1_1902250195
8539.975816 0.986742 0.004867 1.1583 133.9 -0.759 -0.187 4.54 10636.0 MSCT1_1902250196
8539.976175 1.007092 0.004951 1.1573 132.6 -0.661 -0.758 4.48 9851.0 MSCT1_1902250197
8539.976545 1.007293 0.005003 1.1560 134.8 -1.260 -0.669 5.54 8570.0 MSCT1_1902250198
8539.976916 0.997528 0.005074 1.1548 135.6 -1.685 0.290 5.15 7785.0 MSCT1_1902250199
8539.977274 1.001952 0.005342 1.1538 140.3 -0.870 -0.588 4.99 8409.0 MSCT1_1902250200
8539.977645 0.999037 0.005445 1.1526 143.2 0.394 -0.129 4.96 8105.0 MSCT1_1902250201
8539.978015 0.999037 0.005547 1.1514 143.8 -2.046 -2.073 5.62 6498.0 MSCT1_1902250202
8539.978374 1.005633 0.005814 1.1502 146.0 -0.864 -0.592 4.83 6931.0 MSCT1_1902250203
8539.978744 0.987053 0.005648 1.1492 143.3 -0.806 -0.188 5.39 6123.0 MSCT1_1902250204
8539.979115 0.998966 0.005437 1.1480 139.9 0.515 0.624 6.04 5633.0 MSCT1_1902250205
8539.979473 0.988121 0.005106 1.1468 134.6 -0.839 -0.202 5.43 7464.0 MSCT1_1902250206
8539.979844 1.007616 0.005138 1.1458 135.2 -3.503 0.089 5.38 7662.0 MSCT1_1902250207
8539.980203 1.011082 0.005132 1.1447 133.8 -1.856 0.468 5.37 7723.0 MSCT1_1902250208
8539.980573 0.996539 0.005126 1.1435 134.5 -1.207 0.093 5.71 6628.0 MSCT1_1902250209
8539.980943 1.003581 0.005147 1.1424 135.9 -1.804 0.378 5.93 5978.0 MSCT1_1902250210
8539.981314 0.999677 0.005185 1.1414 136.0 -2.339 0.309 5.83 6691.0 MSCT1_1902250211
8539.981684 0.993517 0.005227 1.1403 138.1 -1.480 -0.694 5.03 7547.0 MSCT1_1902250212
8539.982054 0.997081 0.006342 1.1392 148.0 -1.023 0.192 5.04 5874.0 MSCT1_1902250213
8539.982413 1.020596 0.008525 1.1381 164.8 -0.759 0.358 5.53 3615.0 MSCT1_1902250214
8539.982784 0.968177 0.031966 1.1371 228.0 -0.244 -1.211 5.67 1220.0 MSCT1_1902250215
8539.983154 1.021191 0.006617 1.1361 152.2 0.838 -0.976 4.91 6423.0 MSCT1_1902250216
8539.983513 1.004999 0.005294 1.1349 136.3 0.690 -1.694 5.46 7020.0 MSCT1_1902250217
8539.983883 1.002219 0.005307 1.1340 135.5 0.088 -1.261 5.13 7227.0 MSCT1_1902250218
8539.984253 1.000288 0.005419 1.1330 136.9 -1.861 0.090 5.27 6584.0 MSCT1_1902250219
8539.984612 1.005016 0.015834 1.1319 200.8 -2.545 -0.537 5.01 2644.0 MSCT1_1902250220
8539.984983 1.009272 0.005717 1.1310 139.1 -1.233 0.260 4.42 9130.0 MSCT1_1902250221
8539.985353 1.004709 0.005986 1.1299 139.2 -0.391 0.171 5.08 7671.0 MSCT1_1902250222
8539.985712 0.982625 0.007972 1.1289 153.9 -0.891 -0.893 4.92 5472.0 MSCT1_1902250223
8539.986082 0.996100 0.006900 1.1278 148.3 0.306 -0.548 5.54 5272.0 MSCT1_1902250224
8539.986453 1.028203 0.005997 1.1270 139.4 0.778 -1.046 4.48 7636.0 MSCT1_1902250225
8539.986811 0.970033 0.008276 1.1259 165.4 0.100 -1.033 5.45 4248.0 MSCT1_1902250226
8539.987182 1.005703 0.017512 1.1249 187.9 -1.205 -0.859 5.24 2139.0 MSCT1_1902250227
8539.987541 1.038707 0.054559 1.1240 232.4 0.771 -0.113 5.62 854.0 MSCT1_1902250228
8539.987911 1.045145 0.027342 1.1230 214.6 0.034 1.111 5.89 1229.0 MSCT1_1902250229
8539.989381 1.068433 0.085895 1.1192 256.0 4.488 0.939 5.81 790.0 MSCT1_1902250233
8539.989740 1.041927 0.009552 1.1182 160.6 5.320 -0.594 6.59 2906.0 MSCT1_1902250234
8539.990110 0.996427 0.005154 1.1174 123.9 1.194 0.701 7.23 4903.0 MSCT1_1902250235
8539.990480 0.994342 0.005261 1.1165 121.9 -2.714 -0.359 5.83 6016.0 MSCT1_1902250236
8539.990839 1.014015 0.005353 1.1155 122.7 -1.325 -1.058 5.44 6334.0 MSCT1_1902250237
8539.991209 0.999462 0.005261 1.1147 122.0 -1.573 -0.362 4.67 9287.0 MSCT1_1902250238
8539.991580 0.994406 0.005511 1.1138 125.3 -0.929 0.304 4.63 8142.0 MSCT1_1902250239
8539.991939 0.985137 0.005715 1.1128 127.8 -0.297 -0.284 5.23 6895.0 MSCT1_1902250240
8539.992309 0.987527 0.005420 1.1119 128.3 0.047 -0.976 4.28 9747.0 MSCT1_1902250241
8539.992679 1.001156 0.004983 1.1111 121.6 0.602 -0.817 4.66 10072.0 MSCT1_1902250242
8539.993038 0.997136 0.004913 1.1102 119.8 -0.417 -0.358 5.61 7267.0 MSCT1_1902250243
8539.993409 0.990343 0.005017 1.1093 122.7 -2.619 0.336 4.89 8782.0 MSCT1_1902250244
8539.993779 1.009285 0.006719 1.1085 135.7 -2.504 -0.997 4.88 6573.0 MSCT1_1902250245
8539.994138 1.002473 0.008488 1.1076 153.7 -1.399 0.502 5.30 4611.0 MSCT1_1902250246
8539.994878 0.983117 0.018145 1.1060 210.3 -1.214 0.228 4.97 2435.0 MSCT1_1902250248
8539.995237 0.981875 0.007735 1.1051 226.1 1.148 1.041 5.28 4810.0 MSCT1_1902250249
8539.995608 1.016117 0.006094 1.1042 163.0 -1.634 -0.383 7.72 3281.0 MSCT1_1902250250
8539.995978 0.993943 0.005555 1.1034 135.2 -0.301 -1.585 6.98 4452.0 MSCT1_1902250251
8539.996337 0.993679 0.005232 1.1026 125.7 -1.324 0.169 5.79 7261.0 MSCT1_1902250252
8539.996707 1.001668 0.005107 1.1018 121.0 -0.907 -1.092 5.30 7542.0 MSCT1_1902250253
8539.997066 0.999244 0.004964 1.1009 117.8 -2.630 0.160 4.92 8321.0 MSCT1_1902250254
8539.997436 0.993018 0.004956 1.1002 114.0 0.187 0.447 6.27 5809.0 MSCT1_1902250255
8539.997807 0.997774 0.005058 1.0994 113.1 -1.998 0.634 6.28 5513.0 MSCT1_1902250256
8539.998166 0.994970 0.004830 1.0985 107.9 -2.124 -0.104 5.59 7588.0 MSCT1_1902250257
8539.998536 0.982366 0.004787 1.0978 108.0 -2.271 0.212 5.09 8320.0 MSCT1_1902250258
8539.998906 1.002388 0.004929 1.0970 108.5 -1.259 -0.517 5.26 8283.0 MSCT1_1902250259
8539.999265 0.986034 0.010033 1.0962 141.0 0.306 -0.467 5.28 3974.0 MSCT1_1902250260
8539.999635 0.972652 0.007598 1.0954 128.5 0.337 0.762 5.19 4740.0 MSCT1_1902250261
8540.000006 0.992265 0.005319 1.0947 112.1 -0.478 -0.323 5.33 6648.0 MSCT1_1902250262
8540.000365 1.000600 0.004970 1.0939 106.3 -1.885 -1.375 5.53 7807.0 MSCT1_1902250263
8540.000735 0.994244 0.004929 1.0931 105.1 -3.282 -0.491 5.00 8889.0 MSCT1_1902250264
8540.001105 0.993273 0.004796 1.0925 103.6 -0.917 -0.392 5.32 8033.0 MSCT1_1902250265
8540.001464 0.998211 0.004843 1.0917 102.4 0.072 -0.453 5.93 6318.0 MSCT1_1902250266
8540.001834 0.996824 0.004801 1.0909 102.8 -1.492 0.023 5.46 8181.0 MSCT1_1902250267
8540.002205 0.996037 0.004897 1.0902 103.9 -1.513 -0.719 5.25 7507.0 MSCT1_1902250268
8540.002564 0.991286 0.005020 1.0895 105.9 -2.040 -0.274 5.37 7220.0 MSCT1_1902250269
8540.002934 0.999279 0.005133 1.0888 106.0 -0.341 -0.078 5.29 7293.0 MSCT1_1902250270
8540.003293 0.996100 0.005276 1.0880 107.2 -1.615 -0.068 5.48 7019.0 MSCT1_1902250271
8540.003663 0.983317 0.005755 1.0874 113.6 -1.559 -0.212 5.43 6714.0 MSCT1_1902250272
8540.004034 0.986263 0.005082 1.0867 107.5 0.153 0.608 4.92 8324.0 MSCT1_1902250273
8540.004392 0.988366 0.008416 1.0859 123.1 -0.206 -0.166 4.83 5020.0 MSCT1_1902250274
8540.004763 0.974401 0.006883 1.0853 118.2 0.744 -0.068 5.04 5220.0 MSCT1_1902250275
8540.005133 0.991417 0.006569 1.0846 117.7 0.672 0.023 4.43 7353.0 MSCT1_1902250276
8540.005492 0.989541 0.005206 1.0839 109.3 1.337 0.030 4.06 9359.0 MSCT1_1902250277
8540.005862 0.995999 0.004901 1.0832 104.8 -2.668 -0.170 6.04 7206.0 MSCT1_1902250278
8540.006233 1.001174 0.004981 1.0826 106.8 -2.995 -0.560 5.00 8241.0 MSCT1_1902250279
8540.006591 1.002840 0.006061 1.0819 115.9 -2.309 -0.056 4.84 6546.0 MSCT1_1902250280
8540.008420 0.952760 0.073713 1.0786 182.7 1.370 1.196 6.93 531.0 MSCT1_1902250285
8540.008791 1.155895 0.049950 1.0780 170.8 2.851 0.636 6.18 773.0 MSCT1_1902250286
8540.009890 1.141197 0.122602 1.0762 157.2 5.619 -2.035 9.98 371.0 MSCT1_1902250289
8540.010260 1.217281 0.104361 1.0756 166.4 4.525 -0.766 6.81 454.0 MSCT1_1902250290
8540.014288 2.803616 0.205407 1.0692 242.4 1005.312 897.485 6.57 515.0 MSCT1_1902250301
8540.014659 0.967837 0.006867 1.0686 127.3 14.883 2.182 5.19 4872.0 MSCT1_1902250302
8540.015017 0.994883 0.004969 1.0681 98.6 15.257 -0.054 6.61 5114.0 MSCT1_1902250303
8540.015388 0.991935 0.006365 1.0675 105.5 25.661 -0.024 9.91 4379.0 MSCT1_1902250304
8540.015758 0.992192 0.006326 1.0671 107.8 29.175 -0.194 5.39 5438.0 MSCT1_1902250305
8540.016117 0.989156 0.004961 1.0665 94.3 30.994 -0.338 5.66 6809.0 MSCT1_1902250306
8540.016487 1.000619 0.004751 1.0660 91.4 31.480 0.913 5.54 8332.0 MSCT1_1902250307
8540.016846 0.998073 0.004922 1.0654 92.7 22.822 0.453 6.00 6847.0 MSCT1_1902250308
8540.017216 0.992617 0.005008 1.0650 95.1 22.631 -0.248 6.23 6560.0 MSCT1_1902250309
8540.017587 0.995496 0.004846 1.0644 90.1 20.660 0.922 8.62 4875.0 MSCT1_1902250310
8540.017946 0.999995 0.004873 1.0639 90.7 28.137 -0.456 6.79 5873.0 MSCT1_1902250311
8540.018316 1.008340 0.004773 1.0635 88.8 31.703 -0.264 5.09 7969.0 MSCT1_1902250312
8540.018686 0.992752 0.004641 1.0630 86.5 31.885 0.304 5.17 8605.0 MSCT1_1902250313
8540.019045 1.001195 0.004702 1.0624 87.1 32.901 -1.118 4.99 9362.0 MSCT1_1902250314
8540.019416 0.998490 0.004784 1.0619 87.8 31.457 0.590 5.30 7922.0 MSCT1_1902250315
8540.019786 0.988881 0.004809 1.0615 88.2 32.956 1.478 5.47 7613.0 MSCT1_1902250316
8540.020145 0.996861 0.004817 1.0610 86.2 31.325 0.203 5.28 7731.0 MSCT1_1902250317
8540.020515 1.004314 0.005351 1.0605 93.3 31.841 0.241 4.84 7745.0 MSCT1_1902250318
8540.020885 0.994906 0.005454 1.0601 100.2 5.066 -0.297 6.31 6416.0 MSCT1_1902250319
8540.021244 0.989208 0.005143 1.0596 99.8 -0.346 0.817 7.52 5388.0 MSCT1_1902250320
8540.021615 0.996256 0.004791 1.0592 89.3 -2.682 0.861 5.10 7912.0 MSCT1_1902250321
8540.021985 0.996579 0.004620 1.0587 82.8 -2.868 -0.633 5.27 8564.0 MSCT1_1902250322
8540.022344 0.993556 0.004621 1.0583 81.8 -1.717 -0.612 5.07 9736.0 MSCT1_1902250323
8540.022714 0.997674 0.004684 1.0578 83.6 -1.607 0.570 5.12 8361.0 MSCT1_1902250324
8540.023084 1.002344 0.004636 1.0574 82.2 -2.575 0.914 5.38 8398.0 MSCT1_1902250325
8540.023443 0.997389 0.004615 1.0570 82.0 -2.792 0.803 5.25 9306.0 MSCT1_1902250326
8540.023814 1.001694 0.004722 1.0566 84.5 -1.875 -1.272 5.08 9274.0 MSCT1_1902250327
8540.024184 1.002289 0.004821 1.0561 85.5 -1.363 1.021 5.88 6572.0 MSCT1_1902250328
8540.024543 0.996447 0.004734 1.0557 83.5 -1.767 -0.623 5.88 6619.0 MSCT1_1902250329
8540.024913 0.984499 0.004711 1.0553 83.6 -1.351 0.263 4.83 8968.0 MSCT1_1902250330
8540.025284 0.995240 0.004769 1.0549 83.5 -0.232 -0.178 4.96 9032.0 MSCT1_1902250331
8540.025642 0.997172 0.004882 1.0545 84.5 -2.731 0.780 5.88 7645.0 MSCT1_1902250332
8540.026013 0.996278 0.004913 1.0541 86.0 -2.829 0.775 5.29 9258.0 MSCT1_1902250333
8540.026372 1.002559 0.005112 1.0537 88.0 -1.938 0.827 5.17 7441.0 MSCT1_1902250334
8540.026742 0.999802 0.004983 1.0533 86.5 -2.592 -0.225 4.94 8164.0 MSCT1_1902250335
8540.027112 0.992343 0.004999 1.0530 87.5 -1.697 -0.695 4.58 10696.0 MSCT1_1902250336
8540.027471 0.989899 0.005178 1.0526 89.3 -2.664 -1.855 5.60 7112.0 MSCT1_1902250337
8540.027841 0.997063 0.005203 1.0522 88.4 -2.669 -1.198 5.16 7986.0 MSCT1_1902250338
8540.028212 0.998405 0.005139 1.0518 87.6 -1.220 -0.013 5.64 6758.0 MSCT1_1902250339
8540.028571 1.002305 0.005204 1.0515 86.3 -0.667 1.123 6.29 5152.0 MSCT1_1902250340
8540.028941 0.995062 0.005255 1.0511 88.8 -0.779 0.058 6.57 5082.0 MSCT1_1902250341
8540.029311 0.983896 0.005112 1.0508 87.1 -1.716 -1.195 5.80 6290.0 MSCT1_1902250342
8540.029670 0.994332 0.005023 1.0505 84.4 -3.099 0.264 4.96 7671.0 MSCT1_1902250343
8540.030041 1.000621 0.004988 1.0501 82.8 -1.341 0.396 5.50 6823.0 MSCT1_1902250344
8540.030411 1.000034 0.005122 1.0497 85.9 -1.565 0.636 5.65 6059.0 MSCT1_1902250345
8540.030770 0.991806 0.005152 1.0494 88.2 -1.515 0.438 5.53 5964.0 MSCT1_1902250346
8540.031140 0.993273 0.005061 1.0491 85.2 -0.084 0.177 6.02 5847.0 MSCT1_1902250347
8540.031510 1.001291 0.004822 1.0488 82.4 -0.981 0.691 5.72 7089.0 MSCT1_1902250348
8540.031869 1.004062 0.004837 1.0484 80.0 -2.508 0.226 5.96 6125.0 MSCT1_1902250349
8540.032240 0.990696 0.004845 1.0481 77.4 -1.380 -0.386 5.66 6434.0 MSCT1_1902250350
8540.032610 0.987689 0.004758 1.0478 77.5 -1.572 -1.130 6.27 6060.0 MSCT1_1902250351
8540.032969 0.997480 0.004786 1.0475 77.1 -1.400 -0.002 5.76 7065.0 MSCT1_1902250352
8540.033339 1.004760 0.004752 1.0472 76.1 -2.465 -0.888 5.22 8215.0 MSCT1_1902250353
8540.033698 0.996990 0.004718 1.0469 75.9 -0.628 -0.085 5.06 8564.0 MSCT1_1902250354
8540.034068 0.991654 0.004664 1.0466 74.8 -1.044 0.726 4.99 9514.0 MSCT1_1902250355
8540.034439 1.007773 0.004937 1.0463 77.2 -2.961 0.547 5.53 7749.0 MSCT1_1902250356
8540.034797 0.986773 0.004609 1.0461 73.3 -2.255 0.030 5.13 9095.0 MSCT1_1902250357
8540.035168 0.992788 0.004598 1.0458 71.5 -1.183 0.901 5.50 7524.0 MSCT1_1902250358
8540.035538 0.999745 0.004619 1.0455 73.1 -2.373 1.113 5.06 8786.0 MSCT1_1902250359
8540.035897 0.999451 0.004607 1.0453 70.2 -0.691 0.579 5.49 7781.0 MSCT1_1902250360
8540.036267 0.998277 0.004608 1.0450 70.4 -2.105 -1.223 6.62 6831.0 MSCT1_1902250361
8540.036638 1.006503 0.004558 1.0447 69.2 -2.319 -1.750 4.88 9520.0 MSCT1_1902250362
8540.036997 1.000278 0.004693 1.0445 70.0 -1.433 -1.371 5.53 6727.0 MSCT1_1902250363
8540.037367 0.996610 0.004600 1.0442 69.6 -1.354 -0.464 5.23 7999.0 MSCT1_1902250364
8540.037737 1.003952 0.004598 1.0440 68.4 -2.121 1.610 5.46 7637.0 MSCT1_1902250365
8540.038096 0.998888 0.004597 1.0437 67.7 -1.086 0.015 5.83 7339.0 MSCT1_1902250366
8540.038466 0.992708 0.004591 1.0435 69.6 -3.388 -0.455 6.38 6726.0 MSCT1_1902250367
8540.038837 0.991768 0.004608 1.0433 68.9 -2.554 -0.127 5.10 9149.0 MSCT1_1902250368
8540.039196 0.994100 0.004613 1.0431 69.6 -2.774 0.608 5.21 8592.0 MSCT1_1902250369
8540.039566 1.005155 0.004569 1.0428 68.8 -1.152 -0.245 5.03 10361.0 MSCT1_1902250370
8540.039925 0.998678 0.004580 1.0426 69.0 -3.065 -1.320 5.88 7785.0 MSCT1_1902250371
8540.040295 1.000007 0.004575 1.0424 67.9 -3.421 -0.639 5.19 9249.0 MSCT1_1902250372
8540.040666 1.001659 0.004602 1.0422 68.0 -2.235 -0.637 5.29 10328.0 MSCT1_1902250373
8540.041024 0.999777 0.004660 1.0420 70.1 -3.691 0.245 4.87 8649.0 MSCT1_1902250374
8540.041395 0.992960 0.004707 1.0418 70.3 -3.061 -0.481 5.89 7350.0 MSCT1_1902250375
8540.041765 0.987435 0.004634 1.0416 69.8 -1.476 0.240 5.24 8367.0 MSCT1_1902250376
8540.042124 0.996588 0.004661 1.0414 69.8 -1.416 1.142 5.04 10059.0 MSCT1_1902250377
8540.042494 0.992618 0.004658 1.0412 68.8 -2.022 0.380 5.16 8964.0 MSCT1_1902250378
8540.042865 0.995840 0.004789 1.0411 85.9 -2.976 0.513 4.41 10732.0 MSCT1_1902250379
8540.043223 0.997164 0.004899 1.0409 125.3 -2.229 -0.793 5.14 7898.0 MSCT1_1902250380
8540.043594 0.986484 0.004699 1.0407 99.8 -1.859 0.260 4.31 12398.0 MSCT1_1902250381
8540.043964 0.994116 0.004787 1.0405 120.8 -2.796 0.154 4.64 9962.0 MSCT1_1902250382
8540.044323 1.006318 0.004756 1.0404 110.6 -2.474 0.581 5.01 9870.0 MSCT1_1902250383
8540.044693 0.996476 0.004643 1.0402 79.3 -3.303 -0.302 4.42 11152.0 MSCT1_1902250384
8540.045064 0.990909 0.004593 1.0401 72.6 -2.411 0.612 5.12 9897.0 MSCT1_1902250385
8540.045422 0.997047 0.004572 1.0399 69.4 -3.103 0.079 4.29 11359.0 MSCT1_1902250386
8540.045793 0.996595 0.004600 1.0398 68.9 -1.657 0.647 5.04 10047.0 MSCT1_1902250387
8540.046163 0.999791 0.004631 1.0396 69.2 -2.616 0.450 5.67 9040.0 MSCT1_1902250388
8540.046522 0.983239 0.004636 1.0395 71.1 -3.074 -0.032 5.54 10071.0 MSCT1_1902250389
8540.046892 0.999366 0.004769 1.0394 86.6 -2.068 0.181 4.83 9566.0 MSCT1_1902250390
8540.047263 0.999745 0.004851 1.0393 101.5 -1.940 -0.043 4.76 9693.0 MSCT1_1902250391
8540.047622 1.001246 0.004845 1.0391 89.7 -1.589 -0.148 5.64 7755.0 MSCT1_1902250392
8540.047992 1.002163 0.004813 1.0390 81.2 -1.595 -0.268 4.76 9349.0 MSCT1_1902250393
8540.048351 0.988839 0.004772 1.0389 73.6 -1.926 1.115 5.16 9844.0 MSCT1_1902250394
8540.048721 0.997624 0.004771 1.0388 70.1 -1.465 0.075 5.00 9310.0 MSCT1_1902250395
8540.049091 0.996947 0.004741 1.0387 68.4 -2.127 0.000 4.98 8342.0 MSCT1_1902250396
8540.049462 1.001624 0.004676 1.0386 66.6 -1.629 -0.425 4.83 10757.0 MSCT1_1902250397
8540.049821 0.995606 0.004669 1.0385 66.2 -2.406 -0.178 5.27 9516.0 MSCT1_1902250398
8540.050191 0.998539 0.004751 1.0384 66.8 -4.403 -0.682 5.95 6533.0 MSCT1_1902250399
8540.050550 0.994814 0.004623 1.0383 64.4 -2.832 -0.089 4.79 9432.0 MSCT1_1902250400
8540.050920 1.002463 0.004595 1.0382 62.5 -2.170 0.611 5.47 10925.0 MSCT1_1902250401
8540.051291 1.007136 0.004632 1.0381 63.4 -1.425 -0.200 4.69 9301.0 MSCT1_1902250402
8540.051649 1.003798 0.004672 1.0381 63.4 -2.784 -0.898 5.82 7198.0 MSCT1_1902250403
8540.052020 0.989959 0.004567 1.0380 62.5 -2.030 -0.284 5.45 8433.0 MSCT1_1902250404
8540.052390 1.001437 0.004633 1.0379 63.2 -2.184 -0.417 5.33 8656.0 MSCT1_1902250405
8540.052749 1.006533 0.004600 1.0379 62.3 -2.474 0.452 4.89 10810.0 MSCT1_1902250406
8540.053119 0.994083 0.004657 1.0378 64.2 -2.397 0.748 5.33 8453.0 MSCT1_1902250407
8540.053490 0.989239 0.004694 1.0378 65.5 -2.032 0.204 5.48 8753.0 MSCT1_1902250408
8540.053848 0.997474 0.004797 1.0377 68.0 -1.986 0.211 4.82 10178.0 MSCT1_1902250409
8540.054219 1.005996 0.004955 1.0377 70.8 -3.178 -0.572 4.84 8086.0 MSCT1_1902250410
8540.054589 1.006933 0.005084 1.0377 72.1 -4.438 0.295 5.44 7175.0 MSCT1_1902250411
8540.054948 0.991311 0.004939 1.0376 70.1 -2.717 -0.018 5.42 7636.0 MSCT1_1902250412
8540.055318 1.001319 0.005088 1.0376 71.7 -1.450 0.745 5.81 7399.0 MSCT1_1902250413
8540.055689 1.011284 0.005056 1.0376 70.9 -2.362 1.891 5.55 8087.0 MSCT1_1902250414
8540.056047 0.998651 0.005124 1.0376 71.3 -1.973 -0.576 4.82 8921.0 MSCT1_1902250415
8540.056418 1.005303 0.005553 1.0375 77.6 -3.007 -0.078 5.42 6534.0 MSCT1_1902250416
8540.056788 0.995680 0.005817 1.0375 84.9 -3.184 0.785 4.43 8214.0 MSCT1_1902250417
8540.057147 1.001381 0.005981 1.0375 85.0 -3.532 0.172 4.12 8745.0 MSCT1_1902250418
8540.057517 0.993199 0.006819 1.0375 95.0 -4.472 -0.098 5.37 5500.0 MSCT1_1902250419
8540.057888 1.007598 0.007208 1.0375 99.6 -2.293 0.151 5.58 4802.0 MSCT1_1902250420
8540.058247 1.006187 0.008622 1.0375 111.6 -1.890 -0.355 5.83 3433.0 MSCT1_1902250421
8540.058617 0.993464 0.008454 1.0376 109.3 -1.383 -0.912 5.91 3387.0 MSCT1_1902250422
8540.058987 1.020942 0.011132 1.0376 127.3 -0.743 0.374 5.52 2599.0 MSCT1_1902250423
8540.059346 1.009570 0.010920 1.0376 121.6 -0.331 0.776 5.80 2565.0 MSCT1_1902250424
8540.059716 0.987716 0.008720 1.0376 109.0 -0.256 0.175 5.14 4181.0 MSCT1_1902250425
8540.060087 0.985909 0.006981 1.0377 95.4 0.381 0.873 5.17 5105.0 MSCT1_1902250426
8540.060446 1.002499 0.006255 1.0377 86.5 -0.429 1.248 6.04 4441.0 MSCT1_1902250427
8540.060816 0.998322 0.005613 1.0377 77.3 -1.098 0.970 7.02 4522.0 MSCT1_1902250428
8540.061186 0.998921 0.005398 1.0378 74.4 -1.444 1.164 5.58 6293.0 MSCT1_1902250429
8540.061545 1.010965 0.005646 1.0378 77.8 -2.379 -0.507 5.56 5695.0 MSCT1_1902250430
8540.061916 1.005567 0.006265 1.0379 83.5 -1.159 -0.599 6.29 4871.0 MSCT1_1902250431
8540.062286 1.008964 0.005780 1.0379 77.5 -1.418 -0.581 5.99 5744.0 MSCT1_1902250432
8540.062645 1.001158 0.006117 1.0380 82.2 -0.843 -0.070 5.42 5598.0 MSCT1_1902250433
8540.063015 1.014552 0.005870 1.0381 82.0 -0.872 -1.540 5.85 5673.0 MSCT1_1902250434
8540.063374 1.004049 0.006418 1.0381 95.4 -2.156 0.657 6.34 3952.0 MSCT1_1902250435
8540.063744 1.010449 0.006958 1.0382 93.1 -2.787 -0.297 6.22 3512.0 MSCT1_1902250436
8540.064115 1.010719 0.006991 1.0383 94.4 -2.319 0.139 5.83 3990.0 MSCT1_1902250437
8540.064473 1.007986 0.007312 1.0384 94.9 -2.133 -0.339 6.58 3165.0 MSCT1_1902250438
8540.064844 1.000277 0.007815 1.0385 99.6 -1.152 0.550 6.14 3135.0 MSCT1_1902250439
8540.065214 0.997564 0.007791 1.0386 100.8 0.220 0.745 6.01 3598.0 MSCT1_1902250440
8540.065573 1.013928 0.008625 1.0387 107.7 0.293 0.330 5.31 3703.0 MSCT1_1902250441
8540.065943 1.013383 0.008314 1.0388 100.3 0.000 0.420 5.73 3327.0 MSCT1_1902250442
8540.066314 1.012336 0.006834 1.0389 88.1 -1.047 0.334 6.71 3261.0 MSCT1_1902250443
8540.066672 1.024154 0.006273 1.0390 82.9 -1.042 1.440 6.58 3674.0 MSCT1_1902250444
8540.067043 1.000000 0.007082 1.0391 90.5 -0.314 0.322 6.13 3590.0 MSCT1_1902250445
8540.067413 1.015071 0.007605 1.0392 90.9 -0.931 0.419 7.44 2579.0 MSCT1_1902250446
8540.067772 1.014700 0.006362 1.0393 84.1 -0.548 1.316 6.23 4109.0 MSCT1_1902250447
8540.068142 1.005984 0.005504 1.0395 73.5 -1.642 0.066 6.86 4644.0 MSCT1_1902250448
8540.068513 1.008743 0.005466 1.0396 71.1 -1.876 -0.145 6.28 4652.0 MSCT1_1902250449
8540.068872 1.014316 0.005614 1.0397 71.4 -1.150 0.453 6.68 4161.0 MSCT1_1902250450
8540.069242 1.022010 0.005681 1.0399 72.9 1.347 0.898 6.71 4399.0 MSCT1_1902250451
8540.069601 1.011532 0.005447 1.0400 69.4 -2.520 0.408 6.32 5038.0 MSCT1_1902250452
8540.069971 1.015709 0.005859 1.0402 76.1 -2.756 -0.141 6.52 4408.0 MSCT1_1902250453
8540.070341 1.011065 0.006291 1.0403 79.9 -1.708 -0.510 6.47 4198.0 MSCT1_1902250454
8540.070712 1.014782 0.007199 1.0405 88.8 -1.992 -0.241 6.33 3695.0 MSCT1_1902250455
8540.071071 1.015845 0.005960 1.0407 73.6 -1.582 -0.790 7.23 3087.0 MSCT1_1902250456
8540.071441 1.014782 0.005880 1.0408 70.5 0.134 0.272 8.50 2621.0 MSCT1_1902250457
8540.071800 1.011903 0.005809 1.0410 71.0 -1.343 -0.359 7.13 3433.0 MSCT1_1902250458
8540.072170 1.017231 0.005505 1.0412 68.3 -2.479 -0.488 6.78 4193.0 MSCT1_1902250459
8540.072541 1.021390 0.005649 1.0414 69.6 -1.490 -0.407 6.75 4365.0 MSCT1_1902250460
8540.072911 1.023101 0.005604 1.0416 71.0 -1.587 0.244 5.76 4985.0 MSCT1_1902250461
8540.073270 1.008688 0.006738 1.0418 81.3 -0.388 0.999 7.31 3049.0 MSCT1_1902250462
8540.073640 1.009601 0.006347 1.0419 75.5 -1.568 0.287 7.99 2423.0 MSCT1_1902250463
8540.074010 1.011666 0.005809 1.0421 72.6 -1.880 -0.390 7.03 3483.0 MSCT1_1902250464
8540.074369 1.016613 0.005878 1.0424 70.2 -2.135 1.284 7.14 3728.0 MSCT1_1902250465
8540.074740 1.010459 0.006178 1.0426 72.9 -2.821 -0.403 7.87 2815.0 MSCT1_1902250466
8540.075110 1.004779 0.006266 1.0428 74.4 -1.155 1.165 6.93 3476.0 MSCT1_1902250467
8540.075469 1.021568 0.006133 1.0430 72.9 -1.704 0.403 6.27 4017.0 MSCT1_1902250468
8540.075839 1.015335 0.005894 1.0432 72.8 -2.169 -1.122 6.36 4543.0 MSCT1_1902250469
8540.076209 1.008443 0.005892 1.0434 74.5 -0.346 -0.081 6.15 4291.0 MSCT1_1902250470
8540.076568 1.016008 0.005944 1.0437 74.1 -1.885 -0.451 5.98 4501.0 MSCT1_1902250471
8540.076939 1.012024 0.005888 1.0439 73.3 -1.785 0.764 6.10 4498.0 MSCT1_1902250472
8540.077309 1.014209 0.005460 1.0442 69.3 -1.490 0.332 6.40 5010.0 MSCT1_1902250473
8540.077668 1.023051 0.005729 1.0444 70.8 -1.671 0.311 6.96 4174.0 MSCT1_1902250474
8540.078038 1.019470 0.005704 1.0447 71.9 -1.884 -0.418 6.46 4564.0 MSCT1_1902250475
8540.078397 1.023437 0.005731 1.0449 71.8 -1.151 0.761 5.87 5307.0 MSCT1_1902250476
8540.078767 1.011762 0.006020 1.0452 73.4 -1.380 0.533 6.75 3910.0 MSCT1_1902250477
8540.079138 1.028736 0.006009 1.0455 72.8 -0.964 0.439 6.00 4456.0 MSCT1_1902250478
8540.079497 1.021262 0.005917 1.0457 70.5 -1.235 1.147 6.35 4208.0 MSCT1_1902250479
8540.079867 1.021200 0.007563 1.0460 75.8 -1.227 0.061 6.31 3446.0 MSCT1_1902250480
8540.080237 1.004265 0.006874 1.0463 74.6 -2.317 -0.592 6.29 3692.0 MSCT1_1902250481
8540.080596 1.011531 0.006006 1.0466 72.3 -1.044 0.729 5.25 5988.0 MSCT1_1902250482
8540.080966 1.012908 0.005385 1.0468 66.7 -2.244 -1.727 6.31 6293.0 MSCT1_1902250483
8540.081337 1.017426 0.005549 1.0471 69.2 -1.976 -0.046 6.18 5721.0 MSCT1_1902250484
8540.081696 1.021904 0.005744 1.0474 70.1 -1.167 0.025 5.70 6162.0 MSCT1_1902250485
8540.082066 1.024124 0.006179 1.0478 73.7 -1.703 -0.679 5.86 5300.0 MSCT1_1902250486
8540.082436 1.020021 0.007676 1.0480 83.5 -1.818 -0.324 6.09 3480.0 MSCT1_1902250487
8540.082795 1.015677 0.009879 1.0484 90.6 -1.769 -0.558 6.01 2374.0 MSCT1_1902250488
8540.083166 1.030776 0.019489 1.0487 104.5 -0.775 -0.302 5.77 1488.0 MSCT1_1902250489
8540.083536 1.024242 0.030840 1.0490 112.2 -2.121 1.081 5.62 960.0 MSCT1_1902250490
8540.083895 0.952873 0.061293 1.0493 118.5 -1.099 -1.571 5.68 530.0 MSCT1_1902250491
8540.084635 0.927447 0.134458 1.0500 127.1 2.308 1.833 12.20 321.0 MSCT1_1902250493
8540.089022 0.972893 0.013066 1.0544 99.9 4.345 -0.968 5.63 1928.0 MSCT1_1902250505
8540.089392 1.024489 0.026955 1.0548 113.2 3.627 0.055 6.14 864.0 MSCT1_1902250506
8540.090492 0.974290 0.023423 1.0560 120.6 1.551 -0.004 6.12 1256.0 MSCT1_1902250509
8540.090862 1.002792 0.006118 1.0564 80.5 0.971 -2.161 5.89 5424.0 MSCT1_1902250510
8540.091221 1.018946 0.014766 1.0569 97.3 -2.567 -0.950 8.56 1205.0 MSCT1_1902250511
8540.091591 1.063946 0.025243 1.0573 105.0 -3.451 1.773 6.48 957.0 MSCT1_1902250512
8540.091962 0.988293 0.021998 1.0578 113.9 -4.145 -0.103 6.63 939.0 MSCT1_1902250513
8540.092691 1.117696 0.061995 1.0586 116.8 -3.130 -1.207 5.96 555.0 MSCT1_1902250515
8540.093061 0.982452 0.009949 1.0591 97.8 -3.303 -0.562 6.13 2562.0 MSCT1_1902250516
8540.093420 1.038107 0.010075 1.0595 91.5 -2.418 0.090 7.04 2114.0 MSCT1_1902250517
8540.093791 1.030959 0.024262 1.0599 106.5 -2.404 0.916 6.89 927.0 MSCT1_1902250518
8540.094149 1.019244 0.015155 1.0604 120.5 -0.811 -1.068 5.77 1894.0 MSCT1_1902250519
8540.094520 1.046256 0.025291 1.0609 246.8 0.507 0.177 5.45 1515.0 MSCT1_1902250520
8540.094890 0.990474 0.012699 1.0614 170.0 -0.182 0.015 5.49 2691.0 MSCT1_1902250521
8540.095249 1.011915 0.009149 1.0618 111.7 -0.059 -1.202 6.32 2839.0 MSCT1_1902250522
8540.095619 1.010733 0.006507 1.0623 86.7 0.943 0.632 5.90 4906.0 MSCT1_1902250523
8540.095990 1.007937 0.006665 1.0628 84.8 -1.614 0.286 6.90 3352.0 MSCT1_1902250524
8540.096348 1.030150 0.007668 1.0633 87.5 -1.745 -0.231 5.39 4410.0 MSCT1_1902250525
8540.096719 1.009476 0.007898 1.0637 87.5 -3.430 -0.408 5.68 4119.0 MSCT1_1902250526
8540.097089 1.018188 0.006975 1.0643 82.8 -2.022 0.147 6.05 4612.0 MSCT1_1902250527
8540.097448 1.018581 0.008450 1.0648 85.5 -1.543 0.791 6.46 2910.0 MSCT1_1902250528
8540.097818 1.025482 0.027191 1.0653 104.1 -2.693 0.256 6.05 919.0 MSCT1_1902250529
8540.098189 1.035577 0.034050 1.0658 109.3 -1.153 0.502 6.26 789.0 MSCT1_1902250530
8540.098547 1.016838 0.014693 1.0663 98.6 -1.531 1.003 5.95 1773.0 MSCT1_1902250531
8540.098918 1.025184 0.012639 1.0669 96.0 0.185 -0.043 6.15 2057.0 MSCT1_1902250532
8540.099288 1.018471 0.009361 1.0674 88.7 0.063 0.061 5.73 3225.0 MSCT1_1902250533
8540.099647 1.017920 0.007500 1.0679 84.2 -0.173 0.188 6.81 3640.0 MSCT1_1902250534
8540.100017 1.021875 0.007319 1.0685 82.8 -2.333 1.147 7.41 2726.0 MSCT1_1902250535
8540.100388 1.069886 0.030367 1.0690 112.9 -4.169 0.009 8.52 546.0 MSCT1_1902250536
8540.100747 1.051625 0.023134 1.0696 112.1 -1.702 -0.540 6.89 942.0 MSCT1_1902250537
8540.101117 1.024676 0.008965 1.0701 90.1 -1.482 -0.650 5.68 3092.0 MSCT1_1902250538
8540.101487 0.999531 0.015027 1.0707 103.2 -1.633 0.041 6.03 1779.0 MSCT1_1902250539
8540.101846 1.038750 0.017479 1.0712 106.5 -1.529 1.995 6.32 1421.0 MSCT1_1902250540
8540.102216 1.005340 0.006596 1.0718 83.3 -1.332 0.880 6.14 4379.0 MSCT1_1902250541
8540.102587 1.022899 0.006710 1.0724 80.9 -0.694 0.744 6.07 3695.0 MSCT1_1902250542
8540.102946 1.012403 0.007491 1.0730 84.2 -1.408 -0.548 6.71 2789.0 MSCT1_1902250543
8540.103316 1.017081 0.009946 1.0736 94.7 -1.428 -0.910 5.25 3174.0 MSCT1_1902250544
8540.103686 1.023469 0.010135 1.0742 95.2 -2.444 0.182 5.87 2740.0 MSCT1_1902250545
8540.104045 0.969400 0.022690 1.0748 114.7 -1.198 0.745 5.85 1261.0 MSCT1_1902250546
8540.104416 1.048049 0.014511 1.0754 108.3 -1.795 0.411 6.04 1839.0 MSCT1_1902250547
8540.105145 1.075964 0.022598 1.0766 115.5 -1.200 0.847 6.53 1319.0 MSCT1_1902250549
8540.105515 1.018327 0.020256 1.0772 112.7 0.025 -1.283 5.45 1609.0 MSCT1_1902250550
8540.105874 1.014041 0.015713 1.0778 109.8 0.430 -0.055 5.92 1712.0 MSCT1_1902250551
8540.106244 1.006547 0.011190 1.0785 107.5 1.023 0.162 5.50 2802.0 MSCT1_1902250552
8540.106615 1.015648 0.017521 1.0791 121.6 -0.262 -0.137 4.86 1943.0 MSCT1_1902250553
8540.106973 1.020434 0.017947 1.0797 125.7 0.283 -0.276 5.84 1575.0 MSCT1_1902250554
8540.107344 1.005598 0.039217 1.0804 143.1 -0.373 0.824 9.06 591.0 MSCT1_1902250555
8540.107714 0.956914 0.056638 1.0810 153.6 0.557 -1.655 7.83 506.0 MSCT1_1902250556
8540.108814 0.724117 0.112268 1.0831 162.7 0.987 -0.010 12.80 361.0 MSCT1_1902250559
8540.109172 0.985571 0.018199 1.0837 129.0 1.231 -0.442 6.62 1357.0 MSCT1_1902250560
8540.109543 1.023902 0.014098 1.0844 119.7 0.765 -1.401 5.63 2121.0 MSCT1_1902250561
8540.109913 1.016372 0.023693 1.0851 131.2 0.625 1.119 5.49 1388.0 MSCT1_1902250562
8540.110272 0.988123 0.025373 1.0857 130.3 -0.036 -1.378 7.02 1171.0 MSCT1_1902250563
8540.110642 1.024951 0.024763 1.0864 187.6 1.951 -1.214 6.43 1172.0 MSCT1_1902250564
8540.111013 0.958495 0.049835 1.0872 381.3 1.818 -1.098 9.03 884.0 MSCT1_1902250565
8540.111742 0.938057 0.062190 1.0885 460.9 3.438 -1.390 8.20 977.0 MSCT1_1902250567
8540.112101 1.012019 0.054191 1.0893 358.5 3.003 -2.271 6.21 994.0 MSCT1_1902250568
8540.112471 1.045349 0.028924 1.0901 187.2 2.339 -0.900 6.32 956.0 MSCT1_1902250569
8540.112841 1.048836 0.067638 1.0907 170.7 2.915 -0.974 9.27 467.0 MSCT1_1902250570
8540.113200 0.976265 0.023880 1.0915 143.1 4.432 -3.128 6.52 1083.0 MSCT1_1902250571
8540.113571 1.012204 0.030018 1.0922 143.1 3.299 -1.369 6.62 796.0 MSCT1_1902250572
8540.113941 1.053960 0.032290 1.0930 140.2 5.082 -2.405 6.89 841.0 MSCT1_1902250573
8540.114311 1.031837 0.025868 1.0937 132.0 4.483 -2.096 5.65 1092.0 MSCT1_1902250574
8540.114670 1.051683 0.027010 1.0945 133.4 3.886 -2.621 7.12 914.0 MSCT1_1902250575
8540.115041 1.014640 0.044226 1.0953 140.4 1.970 -2.379 6.49 654.0 MSCT1_1902250576
8540.115399 1.071765 0.085298 1.0959 148.2 3.089 -1.130 9.16 411.0 MSCT1_1902250577
8540.115770 1.173638 0.111399 1.0968 150.9 6.405 -4.171 11.30 385.0 MSCT1_1902250578
8540.116140 0.996722 0.096687 1.0976 151.3 3.250 -0.164 10.75 379.0 MSCT1_1902250579
8540.116499 1.042173 0.048183 1.0984 157.1 1.518 -2.296 8.58 528.0 MSCT1_1902250580
8540.116869 1.087587 0.089618 1.0991 160.9 6.886 -2.642 11.62 402.0 MSCT1_1902250581
8540.117240 1.029791 0.121988 1.0999 155.8 -0.716 -6.390 13.25 351.0 MSCT1_1902250582
8540.117598 1.039939 0.073264 1.1008 153.7 3.855 -0.613 8.04 462.0 MSCT1_1902250583
8540.117969 1.024154 0.049967 1.1015 149.4 4.387 -1.741 6.89 642.0 MSCT1_1902250584
8540.118339 1.041045 0.040211 1.1024 145.4 4.398 -1.972 6.27 750.0 MSCT1_1902250585
8540.118698 1.031274 0.028146 1.1032 136.9 3.751 -2.918 6.75 897.0 MSCT1_1902250586
8540.119068 0.967485 0.031921 1.1039 136.5 5.848 -3.866 6.67 827.0 MSCT1_1902250587
8540.119439 0.982452 0.029765 1.1048 135.9 4.783 -2.932 6.56 958.0 MSCT1_1902250588
8540.119797 1.063848 0.035298 1.1057 138.9 4.645 -1.702 6.28 884.0 MSCT1_1902250589
8540.120168 0.998438 0.036905 1.1066 139.4 5.832 -4.147 6.31 938.0 MSCT1_1902250590
8540.120538 1.061692 0.040558 1.1073 139.9 5.559 -4.127 5.86 854.0 MSCT1_1902250591
8540.120897 1.041579 0.041573 1.1082 139.7 5.312 -1.242 5.89 731.0 MSCT1_1902250592
8540.121267 0.957072 0.036712 1.1091 137.6 6.725 -1.366 6.74 827.0 MSCT1_1902250593
8540.121638 0.929742 0.034372 1.1099 138.1 6.355 -2.873 6.46 837.0 MSCT1_1902250594
8540.121997 1.011117 0.048287 1.1108 143.7 6.896 -3.071 6.12 615.0 MSCT1_1902250595
8540.122367 1.108965 0.062560 1.1117 157.3 7.494 -2.376 7.08 521.0 MSCT1_1902250596
8540.122737 0.925535 0.053141 1.1127 159.7 6.015 -2.460 6.33 552.0 MSCT1_1902250597
8540.123096 0.990693 0.037241 1.1135 146.9 6.371 -1.150 8.16 606.0 MSCT1_1902250598
8540.123466 1.034514 0.032493 1.1144 144.9 6.728 -3.514 6.87 755.0 MSCT1_1902250599
8540.123837 1.022283 0.031182 1.1154 144.9 7.800 -2.100 8.14 794.0 MSCT1_1902250600
8540.124196 1.020612 0.023855 1.1161 142.6 5.889 -2.386 6.42 1165.0 MSCT1_1902250601
8540.124566 0.994395 0.026855 1.1171 147.5 5.377 -4.009 8.99 693.0 MSCT1_1902250602
8540.124936 0.993896 0.032709 1.1181 170.8 4.171 -2.826 6.67 1054.0 MSCT1_1902250603
8540.125295 1.018158 0.032527 1.1189 149.8 4.548 -3.303 5.33 1047.0 MSCT1_1902250604
8540.125666 0.972090 0.027600 1.1199 141.4 4.613 -4.289 5.72 1147.0 MSCT1_1902250605
8540.126036 0.982608 0.024491 1.1209 136.1 5.447 -3.219 6.54 1165.0 MSCT1_1902250606
8540.126395 0.989363 0.023930 1.1219 134.5 5.092 -4.324 6.48 1329.0 MSCT1_1902250607
8540.126765 0.978382 0.027145 1.1227 140.8 2.392 -2.832 8.74 856.0 MSCT1_1902250608
8540.127124 0.996988 0.019998 1.1237 128.4 1.501 0.201 6.08 1381.0 MSCT1_1902250609
8540.127494 1.033954 0.016214 1.1247 122.1 0.834 -0.694 6.85 1437.0 MSCT1_1902250610
8540.127865 1.012930 0.011826 1.1256 110.5 1.568 -2.182 5.82 2265.0 MSCT1_1902250611
8540.128223 1.010304 0.011258 1.1266 131.0 0.976 0.251 6.42 2343.0 MSCT1_1902250612
8540.128594 1.033938 0.013667 1.1277 297.1 -1.471 -0.218 6.22 2515.0 MSCT1_1902250613
8540.128964 1.024290 0.014278 1.1285 231.6 -0.092 -0.070 5.61 2509.0 MSCT1_1902250614
8540.129323 1.008384 0.018038 1.1296 165.2 -1.133 0.563 6.31 1477.0 MSCT1_1902250615
8540.129693 0.993915 0.023305 1.1307 168.9 0.271 -0.791 6.52 1212.0 MSCT1_1902250616
8540.130064 0.981859 0.032777 1.1317 223.2 0.812 -1.735 5.75 1126.0 MSCT1_1902250617
8540.130422 1.019071 0.039222 1.1326 264.6 1.120 0.212 6.03 1112.0 MSCT1_1902250618
8540.130793 0.988507 0.045382 1.1337 241.2 0.456 -1.395 5.78 942.0 MSCT1_1902250619
8540.131163 1.097785 0.058480 1.1348 180.6 2.937 0.889 6.72 698.0 MSCT1_1902250620
8540.131522 0.997043 0.045645 1.1357 158.2 2.545 -1.843 6.56 886.0 MSCT1_1902250621
8540.131892 1.051996 0.048152 1.1368 155.4 2.677 -2.001 5.74 766.0 MSCT1_1902250622
8540.132263 1.101190 0.056436 1.1379 155.3 1.297 -1.932 6.82 717.0 MSCT1_1902250623
8540.132622 0.976825 0.046883 1.1388 157.2 1.928 0.079 6.10 717.0 MSCT1_1902250624
8540.132992 1.037841 0.040137 1.1400 151.2 1.559 0.126 6.01 784.0 MSCT1_1902250625
8540.133351 0.972764 0.028755 1.1411 141.8 3.320 -0.852 6.45 939.0 MSCT1_1902250626
8540.133721 1.027093 0.027974 1.1422 141.7 2.772 -2.042 6.75 1038.0 MSCT1_1902250627
8540.134091 1.017293 0.026422 1.1432 139.5 3.156 -3.228 6.00 1106.0 MSCT1_1902250628
8540.134450 0.983829 0.034366 1.1443 144.9 3.902 -2.103 6.83 890.0 MSCT1_1902250629
8540.134821 1.015122 0.028619 1.1455 142.7 5.213 -1.017 6.59 1032.0 MSCT1_1902250630
8540.135191 1.024295 0.021950 1.1465 137.0 2.881 -1.191 6.09 1238.0 MSCT1_1902250631
8540.135550 1.022016 0.020345 1.1477 134.6 2.262 -0.965 6.86 1163.0 MSCT1_1902250632
8540.135920 1.025720 0.020257 1.1488 134.5 1.722 -1.017 5.85 1402.0 MSCT1_1902250633
8540.136291 1.053416 0.022622 1.1498 136.9 1.126 -1.177 6.04 1412.0 MSCT1_1902250634
8540.136649 1.021579 0.028671 1.1510 144.4 2.187 -1.272 6.67 1080.0 MSCT1_1902250635
8540.137020 0.989126 0.022043 1.1522 143.5 0.159 -1.945 6.12 1262.0 MSCT1_1902250636
8540.137390 1.061651 0.033441 1.1532 155.8 2.581 -0.053 5.97 1013.0 MSCT1_1902250637
8540.137749 0.968861 0.032463 1.1545 168.1 2.792 -0.824 6.12 953.0 MSCT1_1902250638
8540.138119 1.090935 0.046221 1.1557 169.1 1.561 -0.180 6.28 786.0 MSCT1_1902250639
8540.138490 1.037658 0.040961 1.1567 163.3 2.952 1.688 6.68 787.0 MSCT1_1902250640
8540.138848 1.022977 0.041645 1.1580 162.8 1.415 -0.045 5.68 866.0 MSCT1_1902250641
8540.139219 1.013682 0.035163 1.1592 163.7 3.209 -0.973 6.29 984.0 MSCT1_1902250642
8540.139589 0.970439 0.031079 1.1605 158.1 3.128 0.644 5.18 1124.0 MSCT1_1902250643
8540.139948 1.016600 0.023903 1.1615 151.2 3.813 -0.572 5.63 1300.0 MSCT1_1902250644
8540.140318 1.020615 0.021772 1.1628 159.0 0.830 -0.148 8.47 949.0 MSCT1_1902250645
8540.140677 1.024436 0.025500 1.1641 477.6 -0.358 -0.369 6.76 1819.0 MSCT1_1902250646
8540.141047 0.986010 0.026939 1.1652 487.8 -0.106 -0.959 5.94 1806.0 MSCT1_1902250647
8540.141418 1.019951 0.035753 1.1665 594.9 -0.956 -0.291 6.76 1479.0 MSCT1_1902250648
8540.141777 1.038471 0.025909 1.1678 241.4 -0.301 1.632 6.09 1208.0 MSCT1_1902250649
8540.142147 0.965098 0.024646 1.1688 188.4 0.417 -0.442 7.67 1013.0 MSCT1_1902250650
8540.142517 1.006013 0.028864 1.1702 179.4 0.189 -1.166 6.94 1061.0 MSCT1_1902250651
8540.142876 1.062141 0.026786 1.1715 171.1 1.914 -0.447 6.83 942.0 MSCT1_1902250652
8540.143247 1.029420 0.041938 1.1728 178.5 2.059 0.562 5.44 835.0 MSCT1_1902250653
8540.143617 1.066575 0.033644 1.1739 168.6 1.147 -1.665 5.71 961.0 MSCT1_1902250654
8540.143987 0.997025 0.027149 1.1753 158.4 0.349 0.788 5.97 1061.0 MSCT1_1902250655
8540.144346 1.021778 0.035481 1.1766 162.2 0.868 -1.441 8.02 718.0 MSCT1_1902250656
8540.144716 0.951174 0.038104 1.1778 170.2 1.825 -0.727 8.15 665.0 MSCT1_1902250657
8540.145087 1.029534 0.043697 1.1792 174.5 3.271 -2.286 7.71 694.0 MSCT1_1902250658
8540.145446 0.997130 0.032137 1.1806 163.1 1.232 -0.777 5.91 951.0 MSCT1_1902250659
8540.145816 0.937316 0.027431 1.1817 166.8 0.652 0.460 6.09 1070.0 MSCT1_1902250660
8540.146186 1.010253 0.023606 1.1831 170.9 1.105 1.118 5.95 1469.0 MSCT1_1902250661
8540.146545 1.012270 0.019363 1.1845 153.1 2.180 -0.514 6.24 1488.0 MSCT1_1902250662
8540.146916 0.994761 0.016440 1.1859 153.3 2.884 -0.548 6.01 1651.0 MSCT1_1902250663
8540.147286 1.008802 0.011560 1.1871 139.4 1.264 1.120 5.96 2340.0 MSCT1_1902250664
8540.147645 1.032812 0.011976 1.1885 139.4 -0.329 -0.797 6.07 2130.0 MSCT1_1902250665
8540.148015 1.000250 0.013206 1.1900 138.9 -0.684 -0.753 6.19 1864.0 MSCT1_1902250666
8540.148385 1.031453 0.015702 1.1912 141.4 -0.072 -1.184 7.40 1267.0 MSCT1_1902250667
8540.148744 1.004390 0.012070 1.1927 127.8 0.202 0.876 7.69 1530.0 MSCT1_1902250668
8540.149115 1.014225 0.012517 1.1941 131.0 0.436 0.700 6.94 1824.0 MSCT1_1902250669
8540.149485 1.031667 0.014883 1.1954 135.4 -0.027 -0.247 6.51 1594.0 MSCT1_1902250670
8540.149844 1.018457 0.012588 1.1968 130.4 0.218 -1.301 6.25 1974.0 MSCT1_1902250671
8540.150214 1.024021 0.010725 1.1983 122.3 -0.499 -1.244 7.72 1939.0 MSCT1_1902250672
8540.150584 1.007854 0.009374 1.1998 118.4 0.724 0.207 6.44 2710.0 MSCT1_1902250673
8540.150943 1.015039 0.009484 1.2011 119.5 0.713 0.215 6.04 2868.0 MSCT1_1902250674
8540.151314 1.016312 0.010135 1.2026 131.4 0.059 0.249 5.64 2960.0 MSCT1_1902250675
8540.151684 1.019598 0.010388 1.2041 147.2 -2.244 1.341 6.67 2291.0 MSCT1_1902250676
8540.152043 1.007975 0.009590 1.2057 130.5 -0.283 1.466 6.22 2934.0 MSCT1_1902250677
8540.152413 1.002779 0.009917 1.2069 131.8 -0.135 0.410 6.12 2966.0 MSCT1_1902250678
8540.152772 1.018752 0.009802 1.2085 127.8 -1.677 -0.111 6.69 2366.0 MSCT1_1902250679
8540.153142 1.013726 0.008712 1.2101 121.4 -0.428 0.879 5.85 3099.0 MSCT1_1902250680
8540.153513 1.011611 0.008415 1.2114 116.2 -1.740 0.391 6.48 2929.0 MSCT1_1902250681
8540.153872 1.013150 0.007455 1.2130 111.0 -0.779 -0.267 6.25 3232.0 MSCT1_1902250682
8540.154242 1.008977 0.008315 1.2146 113.8 -1.601 0.460 6.20 2871.0 MSCT1_1902250683
8540.154612 1.001434 0.009585 1.2159 117.7 -0.171 0.373 6.61 2258.0 MSCT1_1902250684
8540.154971 1.027751 0.028843 1.2175 139.6 -0.294 0.678 6.75 866.0 MSCT1_1902250685
8540.155341 1.020193 0.011372 1.2191 128.3 0.122 -0.741 6.54 2002.0 MSCT1_1902250686
8540.155712 1.015547 0.019002 1.2207 135.2 -0.558 1.405 6.92 1128.0 MSCT1_1902250687
8540.156071 1.020561 0.009460 1.2221 124.4 -0.984 0.583 6.71 2338.0 MSCT1_1902250688
8540.156441 1.061008 0.021648 1.2237 143.6 -1.296 -0.580 8.27 838.0 MSCT1_1902250689
8540.156811 1.040087 0.089702 1.2254 160.7 -0.752 0.402 12.84 334.0 MSCT1_1902250690
8540.158640 1.114002 0.089861 1.2332 187.6 -1.936 3.353 11.21 466.0 MSCT1_1902250695
8540.160110 0.772151 1.107562 1.2399 178.6 3.794 -95.560 19.43 232.0 MSCT1_1902250699
8540.164497 1.008162 0.094709 1.2607 188.8 -2.517 2.061 11.12 456.0 MSCT1_1902250711
8540.164867 1.048438 0.065638 1.2623 186.2 2.333 -0.454 6.43 567.0 MSCT1_1902250712
8540.165237 0.927091 0.056591 1.2642 181.8 0.245 0.254 7.04 590.0 MSCT1_1902250713
8540.165596 8.645292 24.802764 1.2661 194.1 3.968 -97.288 19.24 252.0 MSCT1_1902250714
8540.165966 1.022939 0.039905 1.2677 185.8 2.882 -0.799 6.77 769.0 MSCT1_1902250715
8540.166696 1.013022 0.033789 1.2715 183.7 1.575 -1.244 6.84 914.0 MSCT1_1902250717
8540.167066 0.984287 0.029393 1.2732 181.8 1.867 0.030 6.26 1046.0 MSCT1_1902250718
8540.167436 0.964975 0.034790 1.2751 183.5 2.329 -2.048 5.97 890.0 MSCT1_1902250719
8540.167795 1.053304 0.032518 1.2771 183.5 1.654 -1.215 6.27 927.0 MSCT1_1902250720
8540.168166 1.021476 0.018728 1.2791 179.3 1.075 -2.267 6.61 1409.0 MSCT1_1902250721
8540.168895 1.017575 0.024702 1.2827 193.5 0.866 -0.382 6.97 978.0 MSCT1_1902250723
8540.169265 1.014328 0.016918 1.2847 185.1 1.254 -3.120 7.58 1399.0 MSCT1_1902250724
8540.169624 1.065449 0.028998 1.2864 223.1 2.229 0.062 6.79 1120.0 MSCT1_1902250725
8540.169994 0.891244 0.100457 1.2885 246.4 2.515 -2.538 8.74 516.0 MSCT1_1902250726
8540.170365 1.032956 0.014862 1.2905 197.5 0.662 -1.364 6.29 2130.0 MSCT1_1902250727
8540.170723 1.049690 0.023838 1.2925 213.1 1.588 -1.868 5.43 1568.0 MSCT1_1902250728
8540.171094 1.003747 0.020387 1.2943 213.7 2.320 -0.776 6.25 1563.0 MSCT1_1902250729
8540.171464 0.959365 0.046784 1.2963 228.1 2.119 -1.749 7.66 871.0 MSCT1_1902250730
8540.171823 1.010717 0.019815 1.2984 213.3 1.261 -0.555 7.03 1592.0 MSCT1_1902250731
8540.172193 1.044805 0.015927 1.3002 202.8 2.420 0.252 6.51 2009.0 MSCT1_1902250732
8540.172564 1.024615 0.028398 1.3023 214.8 1.573 -0.642 6.96 1013.0 MSCT1_1902250733
8540.172922 2.803616 0.197228 1.3045 237.4 993.474 895.552 5.40 476.0 MSCT1_1902250734
8540.173293 0.989248 0.036046 1.3062 205.2 2.192 0.845 5.47 1090.0 MSCT1_1902250735
8540.173663 1.028767 0.032342 1.3084 200.0 0.573 -0.302 5.76 1121.0 MSCT1_1902250736
8540.174022 0.988185 0.035927 1.3106 204.9 0.124 -2.026 6.41 980.0 MSCT1_1902250737
8540.174392 1.013414 0.071614 1.3127 225.1 -0.616 -0.186 8.89 606.0 MSCT1_1902250738
8540.175122 1.097269 0.067577 1.3168 224.3 2.708 -0.406 8.58 596.0 MSCT1_1902250740
8540.175492 1.046198 0.061832 1.3190 224.4 1.104 0.190 7.69 663.0 MSCT1_1902250741
8540.176221 0.977080 0.040619 1.3231 212.6 1.370 -1.392 8.47 717.0 MSCT1_1902250743
8540.176591 1.023350 0.018202 1.3254 188.1 0.384 -0.374 7.86 990.0 MSCT1_1902250744
8540.176962 1.090927 0.058528 1.3273 208.3 0.417 1.484 8.20 598.0 MSCT1_1902250745
8540.177321 1.158643 0.057094 1.3296 203.7 -0.389 -0.436 11.00 528.0 MSCT1_1902250746
8540.177691 1.035255 0.064722 1.3318 211.8 2.159 2.308 9.00 500.0 MSCT1_1902250747
8540.178061 1.032799 0.036823 1.3342 212.3 -0.823 -1.315 7.95 729.0 MSCT1_1902250748
8540.178420 1.053614 0.020239 1.3361 201.8 0.493 -0.827 7.74 1082.0 MSCT1_1902250749
8540.178791 1.007356 0.026250 1.3384 246.4 1.651 1.776 7.37 1031.0 MSCT1_1902250750
8540.179161 0.976507 0.031797 1.3408 270.3 0.470 -1.416 5.94 1086.0 MSCT1_1902250751
8540.179520 1.045170 0.063278 1.3428 252.6 1.211 -1.882 9.30 559.0 MSCT1_1902250752
8540.179890 0.887410 0.063150 1.3451 230.3 -0.899 3.924 13.16 524.0 MSCT1_1902250753
8540.180260 0.898146 0.090468 1.3475 232.7 1.913 -5.977 13.18 495.0 MSCT1_1902250754
8540.180619 0.963204 0.075409 1.3499 231.6 2.122 -2.399 9.49 490.0 MSCT1_1902250755
8540.181719 1.009626 0.032495 1.3568 228.0 1.928 1.132 6.54 1036.0 MSCT1_1902250758
8540.182089 1.024756 0.044443 1.3589 245.0 0.193 -2.189 7.58 740.0 MSCT1_1902250759
