GJD-2450000 flux err airmass sky dx dy fwhm peak baserun
8539.902390 1.022696 0.049531 1.6088 8187.2 -29.119 29.920 5.67 12656.0 MSCT0_1902250056
8539.902760 0.918385 0.014427 1.6054 7064.7 -28.620 27.864 6.60 16754.0 MSCT0_1902250057
8539.903131 1.024556 0.008341 1.6014 6015.9 -28.576 26.655 5.45 25164.0 MSCT0_1902250058
8539.903501 1.003559 0.030446 1.5974 6463.3 -27.766 28.887 4.75 12046.0 MSCT0_1902250059
8539.903860 1.091768 0.012239 1.5935 5585.8 -27.830 27.131 4.93 20482.0 MSCT0_1902250060
8539.904230 1.087039 0.017257 1.5902 5587.9 -29.138 27.432 6.04 13537.0 MSCT0_1902250061
8539.904601 0.981779 0.022830 1.5863 5479.5 -29.062 25.468 4.92 12637.0 MSCT0_1902250062
8539.904971 1.157264 0.051823 1.5824 5421.0 -29.633 28.392 5.31 8413.0 MSCT0_1902250063
8539.905700 1.227151 0.081166 1.5754 5156.4 -27.958 22.088 5.87 6850.0 MSCT0_1902250065
8539.909740 3.242188 334.715667 1.5366 5092.5 -0.307 -0.000 0.00 5212.0 MSCT0_1902250076
8539.911221 3.242188 375.981983 1.5231 6303.4 -0.307 -0.000 0.00 6420.0 MSCT0_1902250080
8539.911950 3.242188 357.641398 1.5161 5703.1 -0.307 -0.000 0.00 5767.0 MSCT0_1902250082
8539.912691 3.242188 155.894968 1.5099 3971.8 -0.307 -0.000 0.00 4142.0 MSCT0_1902250084
8539.913420 7.946821 21.065307 1.5031 3654.0 -23.105 -69.577 18.80 3853.0 MSCT0_1902250086
8539.914531 0.776780 0.015666 1.4937 3385.5 -24.840 19.258 8.30 6659.0 MSCT0_1902250089
8539.914890 1.019552 0.007093 1.4909 2899.9 -24.853 19.299 6.28 14157.0 MSCT0_1902250090
8539.915260 0.984783 0.005012 1.4876 2714.4 -24.641 18.839 7.12 15137.0 MSCT0_1902250091
8539.915631 0.965575 0.005838 1.4844 2749.3 -24.632 19.210 6.96 13543.0 MSCT0_1902250092
8539.916001 1.018500 0.007154 1.4817 2771.4 -25.108 18.338 7.50 11197.0 MSCT0_1902250093
8539.917459 3.242188 343.885960 1.4695 5081.4 -0.307 -0.000 0.00 5146.0 MSCT0_1902250097
8539.922969 0.099241 2.100249 1.4264 3734.4 -16.272 -74.841 19.30 3959.0 MSCT0_1902250112
8539.923339 1.251077 0.035040 1.4235 3762.8 -20.756 14.914 9.30 5406.0 MSCT0_1902250113
8539.925168 3.242188 339.300814 1.4103 5202.6 -0.307 -0.000 0.00 5270.0 MSCT0_1902250118
8539.927008 3.242188 169.650407 1.3971 5017.7 -0.307 -0.000 0.00 5169.0 MSCT0_1902250123
8539.927737 3.242188 165.065261 1.3922 4854.5 -0.307 -0.000 0.00 5009.0 MSCT0_1902250125
8539.952737 1.014489 0.006725 1.2488 1665.4 4.921 2.149 7.71 7700.0 MSCT0_1902250133
8539.954207 3.242188 247.597891 1.2420 2552.9 -0.307 -0.000 0.00 2626.0 MSCT0_1902250137
8539.954578 3.242188 252.183037 1.2405 2735.9 -0.307 -0.000 0.00 2813.0 MSCT0_1902250138
8539.954936 3.242188 261.353329 1.2387 2830.8 -0.307 -0.000 0.00 2951.0 MSCT0_1902250139
8539.955677 1.006358 0.016111 1.2356 1997.9 10.237 0.100 8.46 4383.0 MSCT0_1902250141
8539.956036 0.969161 0.005801 1.2338 1682.4 8.255 -0.125 7.95 8884.0 MSCT0_1902250142
8539.956406 1.039766 0.005855 1.2321 1672.7 1.434 -0.112 7.70 8959.0 MSCT0_1902250143
8539.957876 1.004204 0.007937 1.2256 1839.2 -6.360 0.427 7.41 8260.0 MSCT0_1902250147
8539.958235 1.047644 0.005418 1.2243 1779.3 -4.705 0.222 7.91 9959.0 MSCT0_1902250148
8539.958605 1.070758 0.012154 1.2226 2186.2 -2.598 -0.277 8.66 6302.0 MSCT0_1902250149
8539.958976 1.131026 0.038923 1.2210 2604.6 -4.901 -0.164 6.91 4280.0 MSCT0_1902250150
8539.960434 3.242188 252.183037 1.2148 2848.6 -0.307 -0.000 0.00 2931.0 MSCT0_1902250154
8539.961534 0.979963 0.012093 1.2103 1817.3 1.568 -0.797 6.88 6112.0 MSCT0_1902250157
8539.961904 0.972525 0.029926 1.2090 1734.6 2.215 -0.216 8.86 3104.0 MSCT0_1902250158
8539.962274 1.040336 0.041957 1.2074 1812.5 5.425 0.236 8.50 2825.0 MSCT0_1902250159
8539.962645 1.010474 0.008580 1.2059 1496.6 2.846 -0.920 7.38 6525.0 MSCT0_1902250160
8539.963003 0.851248 0.040442 1.2046 1660.7 0.868 -2.148 6.55 2892.0 MSCT0_1902250161
8539.963374 1.050585 0.007077 1.2030 1481.1 1.030 0.573 5.77 11347.0 MSCT0_1902250162
8539.963744 0.948113 0.006408 1.2015 1467.5 1.495 -0.417 5.70 12648.0 MSCT0_1902250163
8539.964103 1.014877 0.003973 1.2000 1324.5 3.735 -0.741 5.82 20421.0 MSCT0_1902250164
8539.964473 1.014453 0.003700 1.1988 1270.3 1.820 -1.455 6.32 18597.0 MSCT0_1902250165
8539.964844 1.018494 0.003266 1.1973 1192.5 1.122 -1.540 5.70 24016.0 MSCT0_1902250166
8539.965203 1.016008 0.003273 1.1958 1192.2 2.265 0.260 5.56 25242.0 MSCT0_1902250167
8539.965573 1.013357 0.003112 1.1946 1168.7 -0.386 -0.651 5.62 24965.0 MSCT0_1902250168
8539.965943 1.021409 0.003199 1.1931 1173.3 -0.307 0.000 5.19 27810.0 MSCT0_1902250169
8539.966302 1.007594 0.003343 1.1916 1185.7 0.371 -0.807 5.84 23089.0 MSCT0_1902250170
8539.966672 1.013998 0.003212 1.1902 1171.7 1.840 -0.301 5.29 26452.0 MSCT0_1902250171
8539.967043 1.019803 0.003192 1.1890 1161.0 1.285 0.814 5.33 26590.0 MSCT0_1902250172
8539.967402 1.013989 0.003168 1.1876 1163.1 2.264 1.059 6.88 22308.0 MSCT0_1902250173
8539.967772 1.041463 0.004054 1.1861 1243.4 0.088 0.436 6.13 16425.0 MSCT0_1902250174
8539.968142 0.965450 0.005199 1.1847 1319.7 -0.573 -0.428 5.51 14468.0 MSCT0_1902250175
8539.968501 1.002965 0.003480 1.1835 1196.0 1.479 0.127 4.88 26626.0 MSCT0_1902250176
8539.968872 1.032902 0.003345 1.1821 1158.8 1.087 0.440 5.18 23763.0 MSCT0_1902250177
8539.969242 1.020733 0.003646 1.1807 1202.3 2.406 -0.148 5.33 22246.0 MSCT0_1902250178
8539.969601 1.015343 0.003424 1.1796 1165.8 2.691 -0.261 5.42 24206.0 MSCT0_1902250179
8539.969971 1.013407 0.002967 1.1782 1074.0 2.441 0.733 6.15 23554.0 MSCT0_1902250180
8539.970341 1.008936 0.002976 1.1768 1078.6 -0.586 0.598 5.75 25706.0 MSCT0_1902250181
8539.970700 1.000157 0.003905 1.1757 1202.3 -1.215 0.308 5.64 20664.0 MSCT0_1902250182
8539.971071 1.005998 0.003217 1.1744 1104.6 -0.054 -0.498 5.56 25679.0 MSCT0_1902250183
8539.971441 1.008620 0.003016 1.1730 1059.9 0.604 0.179 5.33 29147.0 MSCT0_1902250184
8539.971800 1.010098 0.002822 1.1717 1020.2 0.742 0.498 5.31 30058.0 MSCT0_1902250185
8539.972170 1.010948 0.002794 1.1706 1017.0 0.848 0.790 5.25 32580.0 MSCT0_1902250186
8539.972541 1.007301 0.002806 1.1692 1006.9 1.555 -0.191 5.36 29783.0 MSCT0_1902250187
8539.972899 1.012017 0.002784 1.1679 987.7 -0.370 0.296 5.31 31579.0 MSCT0_1902250188
8539.973270 1.009859 0.002715 1.1668 971.6 -0.159 0.683 4.81 36898.0 MSCT0_1902250189
8539.973640 1.007070 0.002709 1.1655 965.1 -0.055 -0.018 4.77 36725.0 MSCT0_1902250190
8539.973999 1.008174 0.002663 1.1642 951.0 0.919 0.202 4.71 38989.0 MSCT0_1902250191
8539.974369 1.006478 0.002639 1.1631 943.6 1.599 0.063 4.69 40905.0 MSCT0_1902250192
8539.974740 1.005173 0.002651 1.1619 940.6 2.013 -0.454 5.06 39581.0 MSCT0_1902250193
8539.975098 1.005632 0.002642 1.1606 939.7 2.187 -0.068 4.87 38078.0 MSCT0_1902250194
8539.975469 1.006372 0.002645 1.1596 937.1 1.640 0.465 4.44 43014.0 MSCT0_1902250195
8539.975839 1.006925 0.002668 1.1583 936.2 1.736 0.246 4.88 38009.0 MSCT0_1902250196
8539.976198 1.006088 0.002672 1.1570 936.6 2.033 0.836 4.83 34245.0 MSCT0_1902250197
8539.976568 1.006329 0.002722 1.1560 948.2 0.141 1.031 5.57 31654.0 MSCT0_1902250198
8539.976939 1.001852 0.002796 1.1548 967.7 0.355 0.410 5.79 27299.0 MSCT0_1902250199
8539.977297 1.002128 0.002972 1.1536 1014.7 0.999 -0.304 5.17 28813.0 MSCT0_1902250200
8539.977668 0.998104 0.003096 1.1526 1048.1 1.212 0.185 5.02 26602.0 MSCT0_1902250201
8539.978038 1.001819 0.003214 1.1514 1069.7 -0.068 -1.638 5.34 23304.0 MSCT0_1902250202
8539.978397 0.993422 0.003365 1.1502 1093.1 0.329 0.174 5.71 23008.0 MSCT0_1902250203
8539.978767 0.996972 0.003272 1.1490 1085.2 1.440 0.531 5.86 21070.0 MSCT0_1902250204
8539.979138 1.000017 0.003071 1.1480 1058.1 1.788 0.977 6.08 20551.0 MSCT0_1902250205
8539.979497 1.003801 0.002878 1.1468 1021.5 0.520 -0.944 5.58 28211.0 MSCT0_1902250206
8539.979867 0.998415 0.002853 1.1457 1018.8 -0.722 -0.348 5.64 27863.0 MSCT0_1902250207
8539.980237 0.999497 0.002804 1.1447 1011.5 0.209 0.465 5.51 27698.0 MSCT0_1902250208
8539.980596 1.001610 0.002829 1.1435 1010.3 2.061 1.280 6.19 23752.0 MSCT0_1902250209
8539.980966 0.999314 0.002843 1.1424 1012.8 -0.900 0.869 6.13 22345.0 MSCT0_1902250210
8539.981337 0.998179 0.002872 1.1412 1017.1 -0.889 0.425 6.23 23815.0 MSCT0_1902250211
8539.981696 1.001117 0.002944 1.1403 1034.0 -0.577 0.571 5.46 26140.0 MSCT0_1902250212
8539.982066 0.997443 0.003642 1.1392 1117.8 1.017 -0.052 5.89 19642.0 MSCT0_1902250213
8539.982436 1.007985 0.005068 1.1381 1265.3 0.731 0.040 6.17 12999.0 MSCT0_1902250214
8539.982795 0.984366 0.015326 1.1371 1672.0 2.102 -0.549 5.38 6541.0 MSCT0_1902250215
8539.983166 1.020896 0.003709 1.1361 1154.8 2.497 -0.086 5.47 22794.0 MSCT0_1902250216
8539.983536 0.999906 0.003009 1.1349 1064.6 2.378 -1.003 5.58 25008.0 MSCT0_1902250217
8539.983895 0.994250 0.003009 1.1339 1062.8 1.919 -0.021 5.54 26212.0 MSCT0_1902250218
8539.984265 0.993380 0.003099 1.1330 1075.9 -0.105 0.266 5.88 23278.0 MSCT0_1902250219
8539.984635 1.003979 0.009425 1.1319 1531.7 -0.722 0.122 5.04 10305.0 MSCT0_1902250220
8539.984994 0.993023 0.003194 1.1308 1088.7 -0.576 1.712 5.04 31419.0 MSCT0_1902250221
8539.985365 0.997396 0.003461 1.1299 1098.2 1.390 -0.936 5.22 26482.0 MSCT0_1902250222
8539.985735 0.989486 0.004596 1.1289 1199.3 0.977 -0.210 5.31 19364.0 MSCT0_1902250223
8539.986094 0.991419 0.003781 1.1278 1134.5 2.317 0.283 5.58 20127.0 MSCT0_1902250224
8539.986464 1.012257 0.003299 1.1270 1075.4 2.988 -0.147 5.14 27784.0 MSCT0_1902250225
8539.986834 0.968006 0.005000 1.1259 1281.1 0.496 -0.100 5.70 14660.0 MSCT0_1902250226
8539.987193 1.038500 0.010485 1.1249 1423.6 0.566 0.282 5.63 8071.0 MSCT0_1902250227
8539.987564 1.026878 0.026944 1.1239 1693.3 1.862 -0.268 5.50 4231.0 MSCT0_1902250228
8539.987934 1.018621 0.018510 1.1230 1633.5 0.906 1.565 6.43 4670.0 MSCT0_1902250229
8539.989034 3.242188 229.257306 1.1202 2117.8 -0.307 -0.000 0.00 2199.0 MSCT0_1902250232
8539.989392 1.004239 0.036196 1.1192 1936.2 5.334 -0.997 4.90 4407.0 MSCT0_1902250233
8539.989763 1.006267 0.005132 1.1182 1211.0 6.197 0.121 6.60 10626.0 MSCT0_1902250234
8539.990133 0.998993 0.002801 1.1173 937.5 2.076 1.248 7.22 18619.0 MSCT0_1902250235
8539.990492 0.993752 0.002826 1.1165 931.0 0.387 0.247 6.06 23623.0 MSCT0_1902250236
8539.990862 1.005876 0.002899 1.1155 931.0 0.657 -0.470 5.79 23859.0 MSCT0_1902250237
8539.991233 0.996170 0.002873 1.1145 938.8 -0.976 0.168 5.02 32347.0 MSCT0_1902250238
8539.991591 0.998625 0.003062 1.1138 962.5 0.446 0.745 5.50 27411.0 MSCT0_1902250239
8539.991962 0.984730 0.003149 1.1128 971.5 0.960 0.059 5.62 25611.0 MSCT0_1902250240
8539.992332 0.983612 0.002985 1.1119 973.3 1.499 0.302 4.59 35440.0 MSCT0_1902250241
8539.992691 0.993194 0.002703 1.1110 917.4 2.964 0.963 4.86 37246.0 MSCT0_1902250242
8539.993061 0.994838 0.002638 1.1102 904.0 1.772 0.655 5.77 27185.0 MSCT0_1902250243
8539.993420 1.000000 0.002757 1.1093 936.7 -0.818 0.178 4.88 34461.0 MSCT0_1902250244
8539.993791 1.009341 0.003838 1.1084 1059.7 -1.393 0.928 4.84 23921.0 MSCT0_1902250245
8539.994161 0.998823 0.004856 1.1076 1161.6 -0.567 0.428 5.11 16728.0 MSCT0_1902250246
8539.994520 0.055904 0.110045 1.1067 1804.8 -161.480 -68.071 12.83 2540.0 MSCT0_1902250247
8539.994890 0.982122 0.009777 1.1058 1453.9 -0.383 0.421 5.23 9402.0 MSCT0_1902250248
8539.995260 0.987774 0.004001 1.1051 1210.2 2.195 1.019 5.70 17523.0 MSCT0_1902250249
8539.995619 1.001016 0.003308 1.1042 1003.8 -0.234 0.910 8.09 11914.0 MSCT0_1902250250
8539.995990 0.992992 0.003027 1.1034 955.6 0.447 -0.064 7.06 15985.0 MSCT0_1902250251
8539.996360 0.998551 0.002886 1.1025 930.4 -0.372 0.732 5.88 25616.0 MSCT0_1902250252
8539.996719 0.992674 0.002723 1.1018 890.3 0.376 0.044 5.54 27422.0 MSCT0_1902250253
8539.997089 0.996858 0.002632 1.1009 859.7 0.297 0.641 5.55 31096.0 MSCT0_1902250254
8539.997459 0.988888 0.002616 1.1001 831.9 1.172 0.754 6.75 22016.0 MSCT0_1902250255
8539.997818 0.993430 0.002688 1.0994 825.1 -0.007 -0.244 6.70 21470.0 MSCT0_1902250256
8539.998189 0.994083 0.002535 1.0985 797.5 -0.314 1.253 6.03 29109.0 MSCT0_1902250257
8539.998559 0.990581 0.002544 1.0977 794.4 0.552 0.995 5.71 30681.0 MSCT0_1902250258
8539.998918 0.997899 0.002639 1.0969 814.3 0.058 -0.923 5.27 32167.0 MSCT0_1902250259
8539.999288 1.009908 0.005726 1.0962 1042.1 1.363 0.797 5.42 13991.0 MSCT0_1902250260
8539.999659 0.972395 0.003942 1.0954 933.6 1.710 0.242 5.60 17958.0 MSCT0_1902250261
8540.000017 0.985817 0.002808 1.0946 817.4 0.949 -0.262 6.13 25509.0 MSCT0_1902250262
8540.000388 0.996476 0.002640 1.0939 779.3 -0.474 -0.090 5.67 28440.0 MSCT0_1902250263
8540.000758 0.990988 0.002607 1.0931 766.2 -0.445 0.007 5.33 31572.0 MSCT0_1902250264
8540.001117 0.993704 0.002530 1.0923 755.1 0.298 0.000 5.52 28871.0 MSCT0_1902250265
8540.001487 0.994392 0.002547 1.0917 756.2 0.757 0.243 6.38 23814.0 MSCT0_1902250266
8540.001858 0.990608 0.002529 1.0909 760.1 0.558 0.270 5.71 29816.0 MSCT0_1902250267
8540.002216 0.995952 0.002599 1.0902 770.0 -0.922 0.369 5.63 27798.0 MSCT0_1902250268
8540.002587 0.996240 0.002700 1.0894 791.8 0.060 0.073 5.68 25960.0 MSCT0_1902250269
8540.002957 0.995964 0.002801 1.0888 798.7 0.143 0.265 5.71 25242.0 MSCT0_1902250270
8540.003316 0.991366 0.002864 1.0880 816.3 0.050 -0.457 5.67 25274.0 MSCT0_1902250271
8540.003686 0.970202 0.003177 1.0873 856.6 -0.553 0.425 5.39 23424.0 MSCT0_1902250272
8540.004057 0.987730 0.002767 1.0867 826.7 1.334 0.919 5.42 29977.0 MSCT0_1902250273
8540.004416 0.984900 0.004878 1.0859 939.5 0.641 1.502 5.28 16635.0 MSCT0_1902250274
8540.004786 0.987823 0.003654 1.0852 894.6 1.611 0.117 5.33 20068.0 MSCT0_1902250275
8540.005156 0.991156 0.003549 1.0845 912.9 2.487 1.310 4.88 25257.0 MSCT0_1902250276
8540.005515 0.996536 0.002828 1.0839 851.6 2.998 0.625 4.69 35625.0 MSCT0_1902250277
8540.005885 0.993202 0.002641 1.0832 841.2 -0.459 0.608 5.89 28688.0 MSCT0_1902250278
8540.006256 1.001922 0.002728 1.0825 858.8 -2.085 0.038 5.22 31294.0 MSCT0_1902250279
8540.006615 1.001202 0.003566 1.0819 961.5 -1.043 0.048 5.31 21860.0 MSCT0_1902250280
8540.008455 0.999348 0.035662 1.0786 1474.9 0.974 0.349 6.18 3193.0 MSCT0_1902250285
8540.008814 1.108863 0.032982 1.0779 1400.7 2.050 0.447 5.98 3164.0 MSCT0_1902250286
8540.009554 0.024535 0.077298 1.0767 1331.9 -209.076 -168.892 14.06 2005.0 MSCT0_1902250288
8540.009913 1.103742 0.059642 1.0761 1263.4 4.994 1.773 6.64 2133.0 MSCT0_1902250289
8540.013953 3.242188 238.427599 1.0696 2411.4 -0.307 -0.000 0.00 2478.0 MSCT0_1902250300
8540.014311 3.242188 210.916722 1.0692 1824.2 -0.307 -0.000 0.00 1875.0 MSCT0_1902250301
8540.014682 0.976098 0.003368 1.0686 881.5 16.538 3.196 5.70 20488.0 MSCT0_1902250302
8540.015052 0.997691 0.002579 1.0680 689.1 17.510 0.160 6.71 20709.0 MSCT0_1902250303
8540.015411 0.981145 0.003360 1.0675 744.9 29.139 -0.038 8.18 17447.0 MSCT0_1902250304
8540.015781 0.987973 0.003083 1.0670 724.2 31.722 0.804 5.67 22276.0 MSCT0_1902250305
8540.016152 0.990671 0.002488 1.0664 636.2 31.908 0.182 5.82 26100.0 MSCT0_1902250306
8540.016510 0.992732 0.002396 1.0660 615.4 31.876 1.311 5.81 31238.0 MSCT0_1902250307
8540.016881 0.991508 0.002473 1.0654 629.0 24.060 0.395 5.64 28038.0 MSCT0_1902250308
8540.017251 0.993438 0.002533 1.0649 636.0 25.458 -0.695 6.87 23946.0 MSCT0_1902250309
8540.017610 0.991402 0.002465 1.0644 611.3 23.124 1.130 7.62 19585.0 MSCT0_1902250310
8540.017980 0.992545 0.002457 1.0639 609.5 31.115 0.245 6.63 23952.0 MSCT0_1902250311
8540.018351 0.989856 0.002390 1.0634 597.2 32.859 0.384 5.54 31335.0 MSCT0_1902250312
8540.018709 0.991837 0.002338 1.0629 580.6 33.265 1.105 5.46 31090.0 MSCT0_1902250313
8540.019080 0.992660 0.002359 1.0624 586.9 34.234 -0.416 5.18 34414.0 MSCT0_1902250314
8540.019450 0.991017 0.002406 1.0619 597.7 33.668 1.151 5.78 30176.0 MSCT0_1902250315
8540.019809 0.991335 0.002430 1.0614 598.6 33.522 0.516 5.59 29573.0 MSCT0_1902250316
8540.020179 0.997000 0.002467 1.0610 595.1 32.513 1.270 5.59 28945.0 MSCT0_1902250317
8540.020550 0.993733 0.002727 1.0605 640.2 32.556 1.291 5.25 28734.0 MSCT0_1902250318
8540.020909 0.995573 0.002590 1.0600 619.9 6.751 0.837 5.95 25113.0 MSCT0_1902250319
8540.021279 0.998052 0.002597 1.0595 621.9 0.481 1.848 7.93 22774.0 MSCT0_1902250320
8540.021649 0.989405 0.002380 1.0592 580.4 -1.707 1.366 5.59 31774.0 MSCT0_1902250321
8540.022008 0.992058 0.002319 1.0587 556.7 -1.237 0.456 5.91 32175.0 MSCT0_1902250322
8540.022378 0.994962 0.002330 1.0582 559.2 -0.393 0.110 5.53 35068.0 MSCT0_1902250323
8540.022737 0.993013 0.002351 1.0578 562.0 0.348 0.997 5.50 32320.0 MSCT0_1902250324
8540.023108 0.994529 0.002304 1.0574 551.2 -0.671 1.347 4.97 35999.0 MSCT0_1902250325
8540.023478 0.991901 0.002305 1.0569 554.8 -1.203 1.369 5.48 35011.0 MSCT0_1902250326
8540.023837 0.990328 0.002379 1.0565 570.6 -0.475 -0.236 4.95 35773.0 MSCT0_1902250327
8540.024207 0.994211 0.002405 1.0561 569.2 -0.529 1.029 6.24 24320.0 MSCT0_1902250328
8540.024578 0.994548 0.002401 1.0557 567.3 0.239 0.531 6.15 26976.0 MSCT0_1902250329
8540.024936 0.992841 0.002387 1.0553 568.5 -0.515 0.191 5.32 33260.0 MSCT0_1902250330
8540.025307 0.988902 0.002431 1.0549 580.7 0.824 0.571 5.32 32311.0 MSCT0_1902250331
8540.025677 0.996136 0.002492 1.0545 593.2 -0.723 0.699 5.86 29562.0 MSCT0_1902250332
8540.026036 0.992947 0.002526 1.0541 602.9 -1.432 0.913 5.36 36429.0 MSCT0_1902250333
8540.026406 0.994613 0.002597 1.0537 619.7 -1.216 0.288 5.64 27767.0 MSCT0_1902250334
8540.026777 0.992463 0.002536 1.0533 613.0 -0.572 0.786 5.33 31674.0 MSCT0_1902250335
8540.027135 0.988310 0.002565 1.0529 622.9 -0.052 -0.095 4.73 38641.0 MSCT0_1902250336
8540.027506 0.994141 0.002675 1.0525 642.0 -1.724 0.349 5.64 28324.0 MSCT0_1902250337
8540.027876 0.993278 0.002642 1.0522 636.2 -1.301 0.352 5.14 31888.0 MSCT0_1902250338
8540.028247 0.988399 0.002604 1.0518 624.2 -0.202 1.800 6.11 25617.0 MSCT0_1902250339
8540.028605 0.994581 0.002661 1.0514 621.5 0.902 1.455 6.52 19198.0 MSCT0_1902250340
8540.028976 0.991278 0.002682 1.0511 632.1 1.145 -0.063 6.62 20604.0 MSCT0_1902250341
8540.029346 0.991627 0.002599 1.0508 618.8 -0.121 -0.858 6.01 24018.0 MSCT0_1902250342
8540.029705 0.992104 0.002552 1.0504 605.3 -1.372 -0.113 5.30 30272.0 MSCT0_1902250343
8540.030075 0.993674 0.002525 1.0500 594.5 0.191 1.097 6.03 25182.0 MSCT0_1902250344
8540.030446 0.993428 0.002611 1.0497 614.4 -0.099 0.996 6.46 23769.0 MSCT0_1902250345
8540.030804 0.990559 0.002636 1.0494 615.8 0.880 -0.089 6.05 21865.0 MSCT0_1902250346
8540.031175 0.996164 0.002558 1.0491 596.0 0.927 -0.033 6.16 22278.0 MSCT0_1902250347
8540.031545 0.995720 0.002450 1.0488 567.4 0.151 1.002 5.71 27256.0 MSCT0_1902250348
8540.031904 0.993559 0.002432 1.0484 557.9 0.001 2.245 6.87 23467.0 MSCT0_1902250349
8540.032274 0.994226 0.002437 1.0481 558.8 -0.259 -0.321 6.11 24722.0 MSCT0_1902250350
8540.032645 0.991983 0.002415 1.0478 552.3 -1.422 -0.260 6.53 24191.0 MSCT0_1902250351
8540.033003 0.994143 0.002398 1.0475 553.6 -0.420 0.230 5.46 29645.0 MSCT0_1902250352
8540.033374 0.987989 0.002367 1.0472 543.1 0.133 0.422 5.72 30755.0 MSCT0_1902250353
8540.033733 0.992614 0.002348 1.0469 541.6 0.644 0.962 5.53 32682.0 MSCT0_1902250354
8540.034103 0.991580 0.002343 1.0466 540.3 0.174 0.292 4.75 35566.0 MSCT0_1902250355
8540.034473 0.992155 0.002446 1.0463 557.5 -2.197 0.942 5.49 30433.0 MSCT0_1902250356
8540.034832 0.998204 0.002299 1.0460 518.9 -1.387 1.179 5.34 34905.0 MSCT0_1902250357
8540.035203 0.990538 0.002295 1.0457 516.3 0.746 0.809 5.86 28796.0 MSCT0_1902250358
8540.035573 0.993473 0.002300 1.0455 520.0 -0.515 0.907 5.05 33713.0 MSCT0_1902250359
8540.035932 0.992474 0.002282 1.0452 514.1 0.823 1.932 5.48 32653.0 MSCT0_1902250360
8540.036302 0.993332 0.002272 1.0450 510.3 -0.531 0.210 6.22 28997.0 MSCT0_1902250361
8540.036672 0.993450 0.002257 1.0447 500.5 -0.256 0.312 5.40 36281.0 MSCT0_1902250362
8540.037031 0.991845 0.002331 1.0445 507.5 -0.272 1.033 6.16 25764.0 MSCT0_1902250363
8540.037402 0.995496 0.002277 1.0442 500.3 0.074 0.619 5.14 33712.0 MSCT0_1902250364
8540.037772 0.994276 0.002272 1.0439 498.3 -0.983 1.537 5.69 29891.0 MSCT0_1902250365
8540.038131 0.992468 0.002282 1.0437 496.8 0.076 -0.130 6.02 29187.0 MSCT0_1902250366
8540.038501 0.992863 0.002311 1.0435 506.2 -3.075 -0.679 5.93 29398.0 MSCT0_1902250367
8540.038872 0.993919 0.002297 1.0433 501.8 -2.046 0.276 5.17 35214.0 MSCT0_1902250368
8540.039230 0.994060 0.002294 1.0431 499.4 -0.803 0.376 5.38 33273.0 MSCT0_1902250369
8540.039601 0.991862 0.002264 1.0428 495.0 -0.267 0.035 4.72 43389.0 MSCT0_1902250370
8540.039971 0.994934 0.002279 1.0426 493.3 -2.573 0.096 5.63 32222.0 MSCT0_1902250371
8540.040330 0.991962 0.002264 1.0424 489.4 -0.861 -0.122 4.88 38893.0 MSCT0_1902250372
8540.040700 0.993568 0.002280 1.0422 494.3 0.125 0.407 4.75 39860.0 MSCT0_1902250373
8540.041071 0.990797 0.002315 1.0420 503.2 -2.645 0.750 5.27 33689.0 MSCT0_1902250374
8540.041429 0.996184 0.002355 1.0418 509.7 -1.154 0.206 5.92 28312.0 MSCT0_1902250375
8540.041800 0.987488 0.002307 1.0416 499.2 -0.514 0.655 5.41 34358.0 MSCT0_1902250376
8540.042170 0.995489 0.002313 1.0414 499.8 0.665 0.985 5.00 38578.0 MSCT0_1902250377
8540.042529 0.992293 0.002308 1.0412 497.6 -0.753 2.258 5.07 38198.0 MSCT0_1902250378
8540.042899 0.990202 0.002348 1.0411 521.7 -1.182 0.519 4.88 37649.0 MSCT0_1902250379
8540.043270 0.993513 0.002368 1.0409 536.3 -1.497 0.738 5.72 31692.0 MSCT0_1902250380
8540.043628 0.992333 0.002289 1.0407 514.2 -0.708 0.068 4.72 48343.0 MSCT0_1902250381
8540.043999 0.995230 0.002303 1.0405 524.0 -1.088 1.276 4.75 41201.0 MSCT0_1902250382
8540.044369 0.991960 0.002280 1.0404 507.3 -0.522 1.614 5.01 40256.0 MSCT0_1902250383
8540.044728 0.994586 0.002280 1.0402 485.4 -1.699 0.165 4.84 42920.0 MSCT0_1902250384
8540.045098 0.994648 0.002276 1.0400 479.9 -0.746 -0.553 4.88 40515.0 MSCT0_1902250385
8540.045469 0.993038 0.002257 1.0399 473.6 -1.387 -0.222 4.52 44071.0 MSCT0_1902250386
8540.045828 0.993627 0.002264 1.0398 478.0 0.544 1.049 4.83 41619.0 MSCT0_1902250387
8540.046198 0.993542 0.002287 1.0396 483.0 -1.570 1.092 5.38 41064.0 MSCT0_1902250388
8540.046568 0.999912 0.002319 1.0395 488.3 -1.993 -0.304 4.98 37200.0 MSCT0_1902250389
8540.046927 0.995226 0.002327 1.0394 502.2 -1.254 0.833 4.99 38145.0 MSCT0_1902250390
8540.047297 0.992476 0.002345 1.0392 509.1 -1.154 0.479 5.30 36985.0 MSCT0_1902250391
8540.047668 0.993922 0.002359 1.0391 504.3 0.027 -0.335 5.57 32861.0 MSCT0_1902250392
8540.048027 0.994321 0.002341 1.0390 495.1 -0.016 -0.172 5.56 37316.0 MSCT0_1902250393
8540.048397 0.992766 0.002362 1.0389 494.4 -0.653 0.987 4.76 39020.0 MSCT0_1902250394
8540.048756 0.996758 0.002334 1.0388 483.3 -0.710 1.833 5.34 35608.0 MSCT0_1902250395
8540.049126 0.992748 0.002337 1.0387 476.4 -0.636 0.604 5.72 31506.0 MSCT0_1902250396
8540.049497 0.998356 0.002301 1.0386 470.1 -0.127 0.031 5.06 43243.0 MSCT0_1902250397
8540.049867 0.996216 0.002303 1.0385 468.0 -0.091 0.984 5.20 38299.0 MSCT0_1902250398
8540.050226 0.991556 0.002320 1.0384 465.9 -2.994 0.070 5.97 27529.0 MSCT0_1902250399
8540.050596 0.998182 0.002279 1.0383 456.0 -1.478 1.008 5.13 39273.0 MSCT0_1902250400
8540.050955 0.994425 0.002245 1.0382 449.1 -2.407 0.308 5.29 41390.0 MSCT0_1902250401
8540.051325 0.997468 0.002267 1.0381 448.5 -0.872 0.291 5.25 35878.0 MSCT0_1902250402
8540.051696 0.994800 0.002286 1.0381 452.1 -0.833 -0.105 6.23 26809.0 MSCT0_1902250403
8540.052066 0.995769 0.002265 1.0380 447.5 -0.118 -0.249 5.35 32877.0 MSCT0_1902250404
8540.052425 0.992802 0.002266 1.0379 446.2 -0.404 -0.364 4.97 33793.0 MSCT0_1902250405
8540.052795 0.993547 0.002248 1.0379 444.5 -1.084 0.871 4.81 42915.0 MSCT0_1902250406
8540.053166 0.996733 0.002288 1.0378 454.7 -1.596 2.361 5.57 34891.0 MSCT0_1902250407
8540.053524 0.997559 0.002322 1.0378 464.4 -1.437 1.226 5.32 36740.0 MSCT0_1902250408
8540.053895 0.996634 0.002352 1.0377 476.2 -1.256 0.564 4.77 39546.0 MSCT0_1902250409
8540.054265 0.996605 0.002448 1.0377 494.2 -1.487 0.306 5.06 34030.0 MSCT0_1902250410
8540.054624 0.998009 0.002483 1.0377 505.9 -2.140 1.382 5.27 29106.0 MSCT0_1902250411
8540.054994 0.996361 0.002437 1.0376 496.6 -1.832 0.232 5.48 29008.0 MSCT0_1902250412
8540.055353 0.996646 0.002519 1.0376 512.5 -0.942 0.490 5.71 27598.0 MSCT0_1902250413
8540.055723 0.996073 0.002478 1.0376 511.0 -1.790 0.708 5.07 34776.0 MSCT0_1902250414
8540.056094 0.996620 0.002540 1.0376 532.4 -0.686 0.199 4.93 34652.0 MSCT0_1902250415
8540.056464 1.001679 0.002789 1.0375 583.9 -3.174 0.545 5.13 28021.0 MSCT0_1902250416
8540.056823 1.000097 0.002871 1.0375 613.5 -2.431 0.949 4.48 33545.0 MSCT0_1902250417
8540.057193 0.996388 0.002992 1.0375 631.9 -1.676 1.104 4.71 31830.0 MSCT0_1902250418
8540.057564 0.995509 0.003442 1.0375 716.2 -1.305 0.218 5.37 21262.0 MSCT0_1902250419
8540.057922 0.999909 0.003668 1.0375 749.9 -1.327 0.124 5.62 19388.0 MSCT0_1902250420
8540.058293 0.997538 0.004601 1.0375 860.3 -1.042 1.241 5.88 13351.0 MSCT0_1902250421
8540.058663 1.002114 0.004443 1.0376 837.4 -0.201 0.069 5.88 13513.0 MSCT0_1902250422
8540.059022 1.003931 0.005973 1.0376 970.3 0.493 0.821 6.06 10486.0 MSCT0_1902250423
8540.059392 0.994803 0.005390 1.0376 927.0 0.594 1.353 5.86 11493.0 MSCT0_1902250424
8540.059763 0.990788 0.004484 1.0376 843.0 0.718 0.480 5.39 16106.0 MSCT0_1902250425
8540.060122 1.007289 0.003520 1.0377 731.0 1.443 0.518 5.58 18934.0 MSCT0_1902250426
8540.060492 0.998947 0.003093 1.0377 654.8 1.118 1.472 6.10 18574.0 MSCT0_1902250427
8540.060862 0.999036 0.002805 1.0377 592.0 -0.299 0.290 6.73 18103.0 MSCT0_1902250428
8540.061221 0.998750 0.002668 1.0378 570.6 -0.471 1.624 5.70 24602.0 MSCT0_1902250429
8540.061591 1.004532 0.002900 1.0378 607.3 -0.672 -0.366 5.89 21503.0 MSCT0_1902250430
8540.061962 0.998619 0.003153 1.0379 641.3 -0.063 0.320 5.88 18388.0 MSCT0_1902250431
8540.062321 1.000987 0.002885 1.0379 599.6 0.402 0.127 6.16 22414.0 MSCT0_1902250432
8540.062691 1.004239 0.003084 1.0380 631.0 1.368 0.051 5.36 22749.0 MSCT0_1902250433
8540.063061 0.999489 0.002958 1.0381 613.5 0.626 0.055 5.68 20627.0 MSCT0_1902250434
8540.063420 1.002552 0.003270 1.0381 654.7 -1.040 1.414 6.79 15056.0 MSCT0_1902250435
8540.063791 1.008034 0.003621 1.0382 710.2 -0.933 0.509 6.28 14133.0 MSCT0_1902250436
8540.064161 1.011240 0.003586 1.0383 719.1 -1.305 0.506 6.04 15450.0 MSCT0_1902250437
8540.064520 1.007662 0.003786 1.0384 737.0 -0.650 0.115 6.99 13201.0 MSCT0_1902250438
8540.064890 1.005974 0.004103 1.0385 772.9 -0.366 1.632 6.12 12576.0 MSCT0_1902250439
8540.065260 1.016223 0.004078 1.0386 775.9 0.266 0.014 5.97 14782.0 MSCT0_1902250440
8540.065619 1.011363 0.004586 1.0387 821.9 2.831 1.336 5.65 13388.0 MSCT0_1902250441
8540.065990 1.003768 0.004201 1.0388 772.6 1.609 0.893 6.13 13779.0 MSCT0_1902250442
8540.066360 1.005563 0.003436 1.0389 675.8 0.203 0.371 6.97 12771.0 MSCT0_1902250443
8540.066719 1.007888 0.003200 1.0390 640.2 -0.448 0.169 6.79 14343.0 MSCT0_1902250444
8540.067089 1.008837 0.003756 1.0391 713.8 0.499 1.022 6.36 12894.0 MSCT0_1902250445
8540.067459 1.009737 0.003876 1.0392 706.2 0.460 0.397 7.20 10631.0 MSCT0_1902250446
8540.067818 1.012848 0.003213 1.0394 632.2 0.604 -0.600 6.44 16563.0 MSCT0_1902250447
8540.068189 1.003421 0.002757 1.0395 555.1 -0.133 -0.567 6.66 17747.0 MSCT0_1902250448
8540.068559 1.009961 0.002814 1.0396 544.2 -0.145 -0.690 6.83 16005.0 MSCT0_1902250449
8540.068918 1.013670 0.002880 1.0398 549.7 1.000 1.328 7.30 15267.0 MSCT0_1902250450
8540.069288 1.015460 0.002898 1.0399 550.9 1.030 0.856 6.40 17676.0 MSCT0_1902250451
8540.069659 1.013425 0.002799 1.0400 533.8 -1.589 0.789 6.39 18463.0 MSCT0_1902250452
8540.070017 1.016477 0.003068 1.0402 578.9 -1.258 -1.193 6.47 16558.0 MSCT0_1902250453
8540.070388 1.013857 0.003307 1.0404 619.2 -0.976 -0.427 6.49 15003.0 MSCT0_1902250454
8540.070758 1.020162 0.003569 1.0405 653.0 -0.532 0.618 6.12 14744.0 MSCT0_1902250455
8540.071117 1.010673 0.003048 1.0407 552.1 -0.145 -0.240 8.79 10110.0 MSCT0_1902250456
8540.071487 1.018591 0.003008 1.0409 531.9 0.979 0.033 8.77 10134.0 MSCT0_1902250457
8540.071858 1.016158 0.002905 1.0410 539.9 -1.402 0.442 7.37 14363.0 MSCT0_1902250458
8540.072216 1.018106 0.002825 1.0412 526.4 -0.519 0.263 7.20 15721.0 MSCT0_1902250459
8540.072587 1.011410 0.002830 1.0414 538.7 -0.216 0.238 6.39 17564.0 MSCT0_1902250460
8540.072957 1.018240 0.002880 1.0416 546.2 0.936 1.414 6.92 18099.0 MSCT0_1902250461
8540.073316 1.017723 0.003537 1.0418 625.3 0.800 0.875 7.47 10960.0 MSCT0_1902250462
8540.073686 1.015883 0.003214 1.0420 580.6 -1.290 1.208 8.27 10149.0 MSCT0_1902250463
8540.074057 1.013146 0.002954 1.0422 554.5 -1.007 1.002 7.38 13775.0 MSCT0_1902250464
8540.074416 1.015120 0.003021 1.0424 552.2 -1.985 1.342 6.96 14069.0 MSCT0_1902250465
8540.074786 1.016134 0.003231 1.0426 572.1 -1.561 0.062 8.00 10559.0 MSCT0_1902250466
8540.075156 1.011670 0.003227 1.0428 575.7 -1.241 0.694 7.07 12965.0 MSCT0_1902250467
8540.075515 1.011436 0.003112 1.0431 564.7 -0.216 -0.005 6.54 14859.0 MSCT0_1902250468
8540.075885 1.015372 0.003043 1.0433 557.3 -0.802 0.635 6.33 16752.0 MSCT0_1902250469
8540.076256 1.014003 0.003044 1.0435 564.0 0.813 -0.116 6.67 15714.0 MSCT0_1902250470
8540.076615 1.018711 0.003053 1.0437 567.5 -0.912 -0.337 6.38 16699.0 MSCT0_1902250471
8540.076985 1.014245 0.003045 1.0439 561.5 -0.717 1.975 6.22 17107.0 MSCT0_1902250472
8540.077355 1.015273 0.002838 1.0442 525.0 -0.361 -0.280 6.69 18275.0 MSCT0_1902250473
8540.077714 1.013433 0.002925 1.0445 533.0 -0.003 -0.933 6.75 16169.0 MSCT0_1902250474
8540.078084 1.019724 0.002897 1.0447 535.9 0.643 -0.535 6.29 18373.0 MSCT0_1902250475
8540.078455 1.016846 0.002978 1.0450 539.3 0.423 0.975 6.25 19989.0 MSCT0_1902250476
8540.078814 1.017877 0.003166 1.0452 553.5 0.801 1.236 6.91 13796.0 MSCT0_1902250477
8540.079184 1.015951 0.003064 1.0455 547.2 -0.553 0.139 6.73 15769.0 MSCT0_1902250478
8540.079554 1.015240 0.003118 1.0457 542.5 0.119 0.654 6.70 16261.0 MSCT0_1902250479
8540.079913 1.018093 0.003845 1.0460 580.6 1.057 1.082 6.16 13033.0 MSCT0_1902250480
8540.080284 1.013340 0.003497 1.0463 561.2 -1.486 -0.276 6.80 14441.0 MSCT0_1902250481
8540.080642 1.014042 0.002962 1.0466 529.1 -0.806 0.867 5.62 22901.0 MSCT0_1902250482
8540.081013 1.018190 0.002788 1.0469 503.3 -0.932 -0.400 5.63 22967.0 MSCT0_1902250483
8540.081383 1.017345 0.002913 1.0472 521.1 -1.002 -0.057 6.17 19404.0 MSCT0_1902250484
8540.081753 1.014402 0.003005 1.0475 539.1 0.391 0.984 5.30 22474.0 MSCT0_1902250485
8540.082112 1.013149 0.003290 1.0478 574.9 -0.578 1.043 6.17 18960.0 MSCT0_1902250486
8540.082483 1.018207 0.004275 1.0481 656.9 -0.684 0.929 5.89 12104.0 MSCT0_1902250487
8540.082841 1.014327 0.005485 1.0484 720.3 -0.570 0.388 6.34 9009.0 MSCT0_1902250488
8540.083212 1.022615 0.011857 1.0487 835.5 -0.535 0.620 5.56 5257.0 MSCT0_1902250489
8540.083582 1.009864 0.019072 1.0491 874.0 -0.969 -1.120 5.85 3576.0 MSCT0_1902250490
8540.083953 1.013582 0.035626 1.0494 932.0 -0.380 -1.066 6.11 2357.0 MSCT0_1902250491
8540.084682 1.157068 0.073578 1.0500 1034.8 -1.098 1.341 10.15 1764.0 MSCT0_1902250493
8540.086510 3.242188 169.650407 1.0518 1160.7 -0.307 -0.000 0.00 1227.0 MSCT0_1902250498
8540.088709 0.985357 0.058509 1.0541 977.7 7.319 0.808 9.22 1737.0 MSCT0_1902250504
8540.089080 1.013995 0.006910 1.0545 797.5 5.574 -1.743 5.71 7809.0 MSCT0_1902250505
8540.089450 1.051701 0.020050 1.0548 954.7 2.769 -0.917 7.33 2888.0 MSCT0_1902250506
8540.090550 0.985753 0.007458 1.0561 866.6 1.791 -1.800 5.77 8756.0 MSCT0_1902250509
8540.090909 1.007131 0.003195 1.0565 594.5 2.760 -2.657 6.03 20119.0 MSCT0_1902250510
8540.091279 1.008108 0.008408 1.0569 725.2 -1.864 -0.584 7.23 5348.0 MSCT0_1902250511
8540.091649 1.101267 0.023262 1.0574 841.0 -2.399 -0.625 6.35 2605.0 MSCT0_1902250512
8540.092008 1.013559 0.012091 1.0578 936.0 -3.608 1.133 7.05 3913.0 MSCT0_1902250513
8540.092378 1.097921 0.064686 1.0582 1095.9 -2.749 2.344 10.54 1985.0 MSCT0_1902250514
8540.092749 1.035633 0.043796 1.0587 890.9 -0.108 -0.208 5.66 2081.0 MSCT0_1902250515
8540.093108 1.009121 0.004502 1.0591 698.6 -1.682 0.698 6.53 11516.0 MSCT0_1902250516
8540.093478 1.032929 0.005833 1.0595 673.0 -0.640 -0.112 6.75 7449.0 MSCT0_1902250517
8540.093848 1.025151 0.012470 1.0600 760.1 -0.551 0.437 6.96 3708.0 MSCT0_1902250518
8540.094207 1.021241 0.007168 1.0605 747.9 0.262 0.044 6.03 7435.0 MSCT0_1902250519
8540.094578 1.033803 0.011133 1.0609 829.5 -0.245 0.169 5.62 5915.0 MSCT0_1902250520
8540.094948 1.026297 0.005829 1.0614 725.6 0.987 -0.979 5.82 9731.0 MSCT0_1902250521
8540.095307 1.016247 0.004321 1.0619 653.9 1.876 0.639 6.21 11913.0 MSCT0_1902250522
8540.095677 1.014964 0.003142 1.0624 560.7 1.589 1.362 5.69 20781.0 MSCT0_1902250523
8540.096047 1.007309 0.003322 1.0629 567.8 -0.164 -0.485 6.45 15370.0 MSCT0_1902250524
8540.096406 1.020352 0.004136 1.0634 602.1 -1.143 -0.028 5.17 15563.0 MSCT0_1902250525
8540.096777 1.005427 0.003592 1.0638 571.2 -1.289 0.320 6.01 16965.0 MSCT0_1902250526
8540.097147 1.013952 0.003406 1.0644 549.4 0.122 -0.888 5.61 17887.0 MSCT0_1902250527
8540.097506 1.033397 0.004878 1.0649 600.9 -1.548 2.163 6.34 9577.0 MSCT0_1902250528
8540.097876 1.038914 0.012460 1.0654 706.2 -1.711 0.379 5.67 4093.0 MSCT0_1902250529
8540.098247 1.000692 0.011800 1.0659 716.3 0.066 1.327 5.82 4561.0 MSCT0_1902250530
8540.098605 1.030235 0.008142 1.0664 661.2 -0.238 1.780 6.12 6339.0 MSCT0_1902250531
8540.098976 1.023717 0.006312 1.0669 637.5 -0.012 -0.015 6.36 7702.0 MSCT0_1902250532
8540.099346 1.008756 0.004308 1.0675 590.7 0.762 0.801 5.55 13655.0 MSCT0_1902250533
8540.099716 1.014692 0.003643 1.0680 557.0 1.198 0.091 6.53 14448.0 MSCT0_1902250534
8540.100075 1.019413 0.003671 1.0686 562.5 -2.086 0.474 7.53 10377.0 MSCT0_1902250535
8540.100446 1.014601 0.022253 1.0691 811.5 -1.720 0.873 7.53 2326.0 MSCT0_1902250536
8540.100804 1.021683 0.008954 1.0697 746.0 -1.031 -0.145 6.34 5450.0 MSCT0_1902250537
8540.101175 1.024788 0.005048 1.0702 643.2 -1.260 0.243 6.43 10693.0 MSCT0_1902250538
8540.101545 1.011114 0.005913 1.0707 669.1 -0.582 0.030 6.62 8513.0 MSCT0_1902250539
8540.101904 0.990893 0.007922 1.0713 718.0 0.076 -0.082 5.75 6812.0 MSCT0_1902250540
8540.102274 1.015306 0.003216 1.0719 535.8 1.088 -0.220 6.60 16721.0 MSCT0_1902250541
8540.102645 1.015494 0.003333 1.0726 539.3 0.718 0.116 6.66 13010.0 MSCT0_1902250542
8540.103003 1.027063 0.003943 1.0731 592.3 -0.492 -0.456 7.04 11410.0 MSCT0_1902250543
8540.103374 1.007955 0.004741 1.0737 652.2 -0.811 -0.115 5.60 12555.0 MSCT0_1902250544
8540.103744 1.027386 0.005187 1.0743 693.8 -1.365 0.213 5.89 11262.0 MSCT0_1902250545
8540.104103 1.011839 0.010923 1.0748 843.3 -0.897 -0.117 5.81 5814.0 MSCT0_1902250546
8540.104473 1.044615 0.010048 1.0755 885.1 -0.837 0.245 6.38 5639.0 MSCT0_1902250547
8540.104844 0.012035 0.120123 1.0761 1168.2 -137.356 -79.956 12.48 1677.0 MSCT0_1902250548
8540.105203 1.007552 0.010441 1.0768 858.5 0.861 0.414 6.12 5919.0 MSCT0_1902250549
8540.105573 1.030645 0.011757 1.0773 858.7 0.469 0.076 5.20 6072.0 MSCT0_1902250550
8540.105943 1.018320 0.006887 1.0780 799.0 1.027 -0.803 5.75 8542.0 MSCT0_1902250551
8540.106302 1.015177 0.006394 1.0786 802.8 1.416 0.325 5.31 10561.0 MSCT0_1902250552
8540.106672 1.016418 0.009262 1.0792 878.5 0.767 0.672 5.36 7827.0 MSCT0_1902250553
8540.107043 1.010045 0.009524 1.0798 907.5 0.000 0.395 5.99 6183.0 MSCT0_1902250554
8540.107402 1.055878 0.026384 1.0805 1045.5 0.433 -0.387 7.81 2423.0 MSCT0_1902250555
8540.107772 1.008762 0.034857 1.0811 1096.1 0.128 0.092 7.83 2302.0 MSCT0_1902250556
8540.108872 1.056034 0.048251 1.0832 1153.7 3.238 -0.612 8.17 2142.0 MSCT0_1902250559
8540.109242 1.003971 0.008343 1.0838 906.6 1.897 -0.615 6.62 6140.0 MSCT0_1902250560
8540.109601 1.017762 0.007827 1.0845 902.3 2.250 0.084 5.87 8284.0 MSCT0_1902250561
8540.109971 1.002866 0.013984 1.0852 1009.1 1.229 -0.513 5.62 5532.0 MSCT0_1902250562
8540.110341 1.036828 0.013002 1.0858 1006.1 1.576 -0.406 5.63 5210.0 MSCT0_1902250563
8540.110700 1.034628 0.014485 1.0866 1084.8 2.441 -2.547 6.24 4330.0 MSCT0_1902250564
8540.111071 1.009249 0.026277 1.0873 1224.1 1.522 -2.205 7.13 2876.0 MSCT0_1902250565
8540.111800 1.029025 0.025050 1.0887 1273.2 3.290 -0.097 6.53 3340.0 MSCT0_1902250567
8540.112170 1.017600 0.020520 1.0894 1159.2 4.397 -0.664 5.84 3967.0 MSCT0_1902250568
8540.112541 1.029391 0.017034 1.0902 1074.2 3.266 -0.281 7.02 3411.0 MSCT0_1902250569
8540.112899 1.022079 0.029440 1.0908 1129.8 3.430 -0.843 7.84 2416.0 MSCT0_1902250570
8540.113270 1.014950 0.012921 1.0916 1022.7 4.305 -1.908 6.45 4555.0 MSCT0_1902250571
8540.113640 1.017512 0.016992 1.0924 1054.7 3.682 -3.055 7.40 3442.0 MSCT0_1902250572
8540.113999 0.997537 0.017312 1.0932 1063.6 4.815 -3.105 6.74 3730.0 MSCT0_1902250573
8540.114369 1.024720 0.013312 1.0938 1024.7 5.045 -2.710 6.03 4768.0 MSCT0_1902250574
8540.114740 1.006696 0.016959 1.0946 1076.5 3.061 -1.425 6.55 3947.0 MSCT0_1902250575
8540.115098 0.974657 0.025740 1.0954 1145.3 4.106 -2.777 6.50 2927.0 MSCT0_1902250576
8540.115469 1.046398 0.048053 1.0961 1226.0 3.830 -2.714 7.51 2174.0 MSCT0_1902250577
8540.116198 0.917009 0.043138 1.0977 1252.9 5.618 -2.112 8.13 2179.0 MSCT0_1902250579
8540.116568 1.077661 0.026702 1.0985 1205.7 4.506 -1.950 8.11 2626.0 MSCT0_1902250580
8540.117297 1.040422 0.057407 1.1001 1297.5 3.191 -1.194 8.87 2185.0 MSCT0_1902250582
8540.117668 1.041582 0.041727 1.1009 1269.4 5.926 -1.697 7.44 2431.0 MSCT0_1902250583
8540.118038 1.019662 0.025768 1.1016 1205.7 3.971 -3.311 6.57 3234.0 MSCT0_1902250584
8540.118397 1.016746 0.021417 1.1025 1180.5 5.384 -3.583 6.51 3524.0 MSCT0_1902250585
8540.118767 1.011537 0.015986 1.1034 1134.0 6.054 -3.389 6.91 3806.0 MSCT0_1902250586
8540.119138 1.040655 0.018849 1.1041 1162.3 5.698 -3.672 6.20 3895.0 MSCT0_1902250587
8540.119497 1.028880 0.016455 1.1050 1141.7 4.970 -3.550 6.39 4067.0 MSCT0_1902250588
8540.119867 1.040485 0.021078 1.1058 1179.7 5.492 -3.571 6.33 3781.0 MSCT0_1902250589
8540.120237 1.018055 0.020747 1.1067 1173.0 6.612 -2.835 5.21 4273.0 MSCT0_1902250590
8540.120596 1.012742 0.022659 1.1075 1175.5 6.384 -3.398 5.72 3583.0 MSCT0_1902250591
8540.120966 1.014068 0.023671 1.1084 1183.8 6.218 -2.301 6.80 3323.0 MSCT0_1902250592
8540.121337 1.026709 0.019748 1.1093 1168.5 7.735 -2.687 5.85 4328.0 MSCT0_1902250593
8540.121696 1.059755 0.021027 1.1100 1182.3 7.019 -2.687 6.81 3711.0 MSCT0_1902250594
8540.122066 1.052600 0.029860 1.1110 1259.3 8.164 -3.707 5.84 3100.0 MSCT0_1902250595
8540.122436 1.031820 0.036440 1.1119 1319.9 6.775 -3.460 6.89 2605.0 MSCT0_1902250596
8540.122795 0.993585 0.028203 1.1128 1297.7 7.529 -2.907 6.62 2873.0 MSCT0_1902250597
8540.123166 1.053032 0.021219 1.1136 1217.1 6.412 -3.370 7.79 3019.0 MSCT0_1902250598
8540.123536 1.040068 0.017516 1.1146 1182.5 6.990 -2.807 7.03 3688.0 MSCT0_1902250599
8540.123895 1.019787 0.017165 1.1155 1157.4 8.143 -2.265 7.36 3484.0 MSCT0_1902250600
8540.124265 1.026598 0.012485 1.1163 1100.1 7.310 -2.671 6.04 5151.0 MSCT0_1902250601
8540.124624 1.025414 0.015783 1.1173 1143.1 4.446 -2.686 7.53 3618.0 MSCT0_1902250602
8540.124994 1.029275 0.017467 1.1182 1169.1 4.085 -2.654 6.03 4400.0 MSCT0_1902250603
8540.125365 1.022145 0.016742 1.1192 1154.4 3.871 -2.597 5.95 4728.0 MSCT0_1902250604
8540.125735 0.989230 0.014322 1.1200 1104.4 4.961 -2.149 5.98 4972.0 MSCT0_1902250605
8540.126094 0.998228 0.013515 1.1210 1071.6 3.863 -3.949 6.25 5086.0 MSCT0_1902250606
8540.126464 1.004230 0.012445 1.1220 1028.4 5.131 -2.464 5.78 5835.0 MSCT0_1902250607
8540.126834 1.031279 0.014596 1.1229 1064.5 1.843 -0.734 7.54 4108.0 MSCT0_1902250608
8540.127193 1.008701 0.010332 1.1239 973.5 1.753 -0.644 5.80 5809.0 MSCT0_1902250609
8540.127564 1.017382 0.007613 1.1249 882.5 1.493 0.066 6.40 6637.0 MSCT0_1902250610
8540.127922 1.013616 0.006135 1.1258 815.3 2.163 -1.843 5.94 9306.0 MSCT0_1902250611
8540.128293 1.013085 0.005494 1.1268 789.5 1.832 0.599 6.84 9615.0 MSCT0_1902250612
8540.128663 1.012508 0.006107 1.1279 907.8 0.486 0.015 5.81 9562.0 MSCT0_1902250613
8540.129022 1.008990 0.006499 1.1289 858.3 0.834 0.036 6.02 9031.0 MSCT0_1902250614
8540.129392 1.015998 0.009561 1.1298 908.4 0.255 0.132 6.11 5453.0 MSCT0_1902250615
8540.129763 1.011357 0.012351 1.1308 968.9 1.191 -0.443 6.13 5307.0 MSCT0_1902250616
8540.130122 0.980816 0.015965 1.1319 1030.6 -0.522 0.160 6.22 4421.0 MSCT0_1902250617
8540.130492 1.039305 0.018759 1.1328 1088.1 1.665 -0.466 5.80 4256.0 MSCT0_1902250618
8540.130862 1.047085 0.022914 1.1339 1106.7 0.816 -0.374 5.79 3551.0 MSCT0_1902250619
8540.131221 1.063645 0.028201 1.1350 1120.8 1.700 -0.403 5.27 3363.0 MSCT0_1902250620
8540.131591 1.025491 0.023606 1.1359 1086.2 2.682 0.480 5.57 3534.0 MSCT0_1902250621
8540.131962 0.999098 0.025686 1.1370 1095.0 3.583 -0.432 5.68 3403.0 MSCT0_1902250622
8540.132332 1.021512 0.029521 1.1381 1125.3 3.307 -1.905 5.75 3047.0 MSCT0_1902250623
8540.132691 1.024093 0.023987 1.1392 1103.9 1.752 -3.253 5.38 3546.0 MSCT0_1902250624
8540.133061 1.023591 0.019847 1.1401 1070.9 3.201 -1.663 6.66 3390.0 MSCT0_1902250625
8540.133420 0.994991 0.015214 1.1413 1019.5 4.636 -1.415 6.54 4073.0 MSCT0_1902250626
8540.133791 1.019084 0.013656 1.1424 1001.2 2.825 -1.894 5.95 4966.0 MSCT0_1902250627
8540.134161 1.001448 0.015070 1.1434 1022.1 3.449 -1.262 6.54 4417.0 MSCT0_1902250628
8540.134531 1.013294 0.017877 1.1445 1047.6 4.452 -1.286 6.40 4023.0 MSCT0_1902250629
8540.134890 1.021817 0.014272 1.1457 1003.1 5.241 -1.564 7.19 4157.0 MSCT0_1902250630
8540.135260 1.039517 0.011030 1.1467 958.5 3.560 -1.334 6.29 5177.0 MSCT0_1902250631
8540.135631 1.032251 0.010795 1.1479 958.5 2.166 0.131 6.28 5193.0 MSCT0_1902250632
8540.135990 1.025981 0.010286 1.1490 949.8 2.641 -0.400 5.96 6054.0 MSCT0_1902250633
8540.136360 1.033714 0.013116 1.1500 980.9 1.824 -0.076 5.78 5210.0 MSCT0_1902250634
8540.136730 1.038758 0.014292 1.1512 994.0 1.922 -1.264 5.91 4449.0 MSCT0_1902250635
8540.137089 0.998649 0.011872 1.1524 966.8 1.732 -0.414 6.19 4904.0 MSCT0_1902250636
8540.137459 0.953483 0.017961 1.1537 1040.7 3.174 -0.573 5.46 4057.0 MSCT0_1902250637
8540.137818 1.030790 0.018452 1.1547 1065.3 2.861 -1.190 6.50 4102.0 MSCT0_1902250638
8540.138189 1.037374 0.022843 1.1559 1097.7 3.634 -0.646 6.33 3371.0 MSCT0_1902250639
8540.138559 0.992717 0.023094 1.1571 1096.0 2.025 0.339 5.96 3448.0 MSCT0_1902250640
8540.138918 0.997152 0.021304 1.1582 1093.5 3.136 -1.012 5.53 3932.0 MSCT0_1902250641
8540.139288 1.014545 0.017929 1.1594 1060.0 3.201 -0.615 5.80 4203.0 MSCT0_1902250642
8540.139659 1.023694 0.016510 1.1607 1050.7 3.722 -1.059 5.54 4426.0 MSCT0_1902250643
8540.140017 1.012653 0.011483 1.1617 980.0 5.177 -0.065 5.75 5587.0 MSCT0_1902250644
8540.140388 1.022722 0.011064 1.1630 966.8 -0.254 -1.048 7.11 4706.0 MSCT0_1902250645
8540.140758 1.005913 0.009859 1.1643 1096.3 -0.842 -0.600 6.63 5896.0 MSCT0_1902250646
8540.141117 0.998444 0.010736 1.1654 1091.4 -0.106 0.031 5.98 6157.0 MSCT0_1902250647
8540.141487 1.011452 0.013417 1.1667 1165.3 -0.646 0.123 6.89 4327.0 MSCT0_1902250648
8540.141858 1.020089 0.012409 1.1680 1029.6 -0.465 -0.600 6.75 4268.0 MSCT0_1902250649
8540.142228 1.000578 0.012315 1.1693 1021.7 0.756 -0.999 6.81 4277.0 MSCT0_1902250650
8540.142587 0.986664 0.015513 1.1704 1065.2 0.319 -1.188 6.70 3988.0 MSCT0_1902250651
8540.142957 1.014103 0.014138 1.1717 1045.7 1.545 0.209 6.57 3956.0 MSCT0_1902250652
8540.143316 1.009954 0.023811 1.1730 1133.0 2.830 -1.700 6.16 3292.0 MSCT0_1902250653
8540.143686 1.013490 0.015708 1.1742 1072.7 2.324 -0.131 6.01 4419.0 MSCT0_1902250654
8540.144057 1.001697 0.014920 1.1755 1056.5 0.491 -0.520 6.16 4225.0 MSCT0_1902250655
8540.144416 1.001734 0.019788 1.1769 1121.0 1.493 -1.593 7.90 2802.0 MSCT0_1902250656
8540.144786 1.033398 0.021966 1.1780 1143.8 1.178 -1.008 7.74 2882.0 MSCT0_1902250657
8540.145156 1.041593 0.023097 1.1794 1159.3 2.082 0.632 6.62 3154.0 MSCT0_1902250658
8540.145515 1.006546 0.016624 1.1808 1090.1 2.102 -1.520 6.25 4141.0 MSCT0_1902250659
8540.145885 1.019182 0.014176 1.1822 1056.2 1.440 -0.837 6.27 4500.0 MSCT0_1902250660
8540.146256 1.031415 0.012534 1.1833 1023.3 0.903 -1.020 5.78 5552.0 MSCT0_1902250661
8540.146615 1.025771 0.009472 1.1847 962.0 2.366 -0.099 6.21 6480.0 MSCT0_1902250662
8540.146985 0.995133 0.008132 1.1862 916.6 1.938 -1.454 6.17 6768.0 MSCT0_1902250663
8540.147355 1.011140 0.005643 1.1874 830.6 1.538 0.768 5.94 10006.0 MSCT0_1902250664
8540.147726 1.005144 0.006263 1.1888 854.0 0.939 -1.086 6.89 7278.0 MSCT0_1902250665
8540.148084 1.019425 0.007080 1.1902 868.2 1.378 -0.678 6.51 7090.0 MSCT0_1902250666
8540.148455 1.006361 0.007486 1.1917 866.1 -0.296 -0.272 7.79 5192.0 MSCT0_1902250667
8540.148814 1.009046 0.006232 1.1929 807.9 0.490 0.870 7.58 6041.0 MSCT0_1902250668
8540.149184 1.018330 0.006667 1.1944 825.0 1.334 1.309 6.89 6877.0 MSCT0_1902250669
8540.149554 1.014766 0.007541 1.1959 833.0 0.212 0.105 6.67 6109.0 MSCT0_1902250670
8540.149913 1.011453 0.006270 1.1971 791.6 1.538 -0.179 6.28 7982.0 MSCT0_1902250671
8540.150284 1.006244 0.005053 1.1986 731.1 0.691 0.334 7.25 8223.0 MSCT0_1902250672
8540.150654 1.018691 0.004990 1.2001 724.5 0.172 0.409 6.46 9945.0 MSCT0_1902250673
8540.151013 1.013457 0.004636 1.2016 699.4 0.878 -0.088 6.04 11452.0 MSCT0_1902250674
8540.151383 1.011138 0.005092 1.2028 726.8 1.247 0.444 5.62 11360.0 MSCT0_1902250675
8540.151753 1.007438 0.005083 1.2044 726.8 -1.178 0.718 6.69 8880.0 MSCT0_1902250676
8540.152124 1.006178 0.004866 1.2059 715.1 -0.320 1.597 6.10 11679.0 MSCT0_1902250677
8540.152483 1.015894 0.004865 1.2072 713.4 0.167 0.434 6.25 10324.0 MSCT0_1902250678
8540.152853 1.016074 0.004965 1.2088 703.6 -1.372 -0.102 6.75 9740.0 MSCT0_1902250679
8540.153212 1.006652 0.004294 1.2103 665.5 -0.602 0.399 6.05 11523.0 MSCT0_1902250680
8540.153582 1.016750 0.004180 1.2119 648.3 -0.692 0.723 7.04 10077.0 MSCT0_1902250681
8540.153953 1.014962 0.003804 1.2132 618.6 -0.170 -0.194 6.54 12553.0 MSCT0_1902250682
8540.154311 1.007234 0.004187 1.2148 637.8 -1.064 0.103 6.94 9720.0 MSCT0_1902250683
8540.154682 1.007141 0.005527 1.2164 685.5 0.745 0.147 6.53 7883.0 MSCT0_1902250684
8540.155052 1.009714 0.012777 1.2178 785.2 0.213 1.580 6.51 3971.0 MSCT0_1902250685
8540.155411 0.999735 0.005518 1.2194 699.3 0.509 0.986 6.80 7359.0 MSCT0_1902250686
8540.155781 1.014550 0.009234 1.2210 741.6 -0.457 0.259 6.92 4526.0 MSCT0_1902250687
8540.156152 1.002942 0.004336 1.2226 661.3 -0.508 0.051 7.16 9390.0 MSCT0_1902250688
8540.156510 1.056998 0.015831 1.2240 822.2 -0.208 -0.034 9.45 2484.0 MSCT0_1902250689
8540.158709 0.956369 0.050807 1.2335 988.3 -0.437 -0.132 7.88 1808.0 MSCT0_1902250695
8540.159809 3.242188 0.104984 1.2387 1061.4 993.167 899.955 10.08 1549.0 MSCT0_1902250698
8540.164948 0.954630 0.018757 1.2626 966.7 1.586 -0.852 7.05 3208.0 MSCT0_1902250712
8540.165307 1.008037 0.054986 1.2645 1018.1 0.038 -2.243 6.90 1863.0 MSCT0_1902250713
8540.165677 0.168774 0.081093 1.2664 1072.5 -343.682 -145.301 13.90 1627.0 MSCT0_1902250714
8540.166047 0.993667 0.022516 1.2683 987.0 0.283 -1.488 6.65 2822.0 MSCT0_1902250715
8540.166406 1.060895 0.045887 1.2699 1027.8 2.371 -1.560 6.57 2026.0 MSCT0_1902250716
8540.166777 0.978869 0.021044 1.2719 1006.4 1.624 -0.949 6.95 3081.0 MSCT0_1902250717
8540.167147 0.995545 0.010858 1.2738 919.7 1.919 -0.986 6.31 5214.0 MSCT0_1902250718
8540.167506 1.011314 0.020009 1.2754 969.5 1.829 -2.324 6.18 3220.0 MSCT0_1902250719
8540.167876 0.995863 0.014312 1.2774 943.1 1.568 -1.444 6.29 4010.0 MSCT0_1902250720
8540.168247 1.053636 0.012890 1.2794 955.8 0.878 -0.446 6.54 4046.0 MSCT0_1902250721
8540.168605 0.964266 0.032579 1.2814 1091.2 0.706 -0.766 8.41 2246.0 MSCT0_1902250722
8540.168976 1.021535 0.012539 1.2831 950.5 0.219 -0.572 7.59 3830.0 MSCT0_1902250723
8540.169346 1.008194 0.007237 1.2851 895.3 2.575 -0.883 6.82 6577.0 MSCT0_1902250724
8540.169705 1.165230 0.040386 1.2871 1139.0 2.859 -0.714 8.07 2233.0 MSCT0_1902250725
8540.170075 0.981134 0.021084 1.2888 1100.3 1.284 -1.230 6.15 3558.0 MSCT0_1902250726
8540.170446 1.039586 0.008216 1.2908 969.3 2.091 -1.010 6.45 7230.0 MSCT0_1902250727
8540.170804 1.022617 0.011707 1.2929 1032.3 1.743 -1.004 5.22 5962.0 MSCT0_1902250728
8540.171175 1.018291 0.010771 1.2946 1038.1 3.030 0.641 6.09 5780.0 MSCT0_1902250729
8540.171545 1.004806 0.021156 1.2967 1103.2 1.291 -0.904 6.04 3762.0 MSCT0_1902250730
8540.171904 1.014880 0.009174 1.2988 1019.0 1.740 0.498 6.63 6604.0 MSCT0_1902250731
8540.172274 1.002853 0.007983 1.3009 989.6 2.486 -0.372 6.02 7369.0 MSCT0_1902250732
8540.172645 1.066540 0.022990 1.3027 1114.1 0.056 0.579 6.70 3079.0 MSCT0_1902250733
8540.173374 0.995151 0.016278 1.3070 1010.3 0.442 -0.194 6.17 4198.0 MSCT0_1902250735
8540.173733 1.042203 0.014119 1.3088 991.6 -0.180 0.017 5.54 4866.0 MSCT0_1902250736
8540.174103 1.009361 0.015224 1.3109 1016.3 0.611 -0.355 5.69 4502.0 MSCT0_1902250737
8540.175203 1.037367 0.018199 1.3171 1031.5 1.487 0.715 6.47 3534.0 MSCT0_1902250740
8540.176302 1.022006 0.017304 1.3235 1020.4 1.669 0.332 7.02 3196.0 MSCT0_1902250743
8540.176672 1.033640 0.010074 1.3257 949.5 0.526 -0.034 9.40 3424.0 MSCT0_1902250744
8540.177043 1.078972 0.026880 1.3280 1043.0 0.758 -0.462 6.74 2455.0 MSCT0_1902250745
8540.177402 1.048698 0.030853 1.3299 1046.0 1.006 -0.670 9.95 1965.0 MSCT0_1902250746
8540.177772 1.003627 0.027524 1.3322 1080.0 0.150 -0.111 8.87 2260.0 MSCT0_1902250747
8540.178142 1.020455 0.016915 1.3346 1063.2 0.653 -1.485 7.38 3254.0 MSCT0_1902250748
8540.178501 1.021859 0.010914 1.3369 1005.7 -0.085 -1.365 8.63 4079.0 MSCT0_1902250749
8540.178872 0.993866 0.011942 1.3388 1050.8 0.273 0.206 7.60 4296.0 MSCT0_1902250750
8540.179242 1.016843 0.022207 1.3412 1128.7 0.742 -0.394 6.62 3128.0 MSCT0_1902250751
8540.179601 1.034422 0.031159 1.3435 1123.2 1.843 -0.110 7.74 2292.0 MSCT0_1902250752
8540.179971 1.022423 0.030878 1.3455 1111.2 2.429 0.842 9.23 2224.0 MSCT0_1902250753
8540.180341 1.034754 0.059888 1.3479 1156.3 1.097 2.922 9.41 1991.0 MSCT0_1902250754
8540.180700 1.081562 0.033321 1.3503 1128.1 0.236 -0.413 8.34 2196.0 MSCT0_1902250755
8540.181800 1.003536 0.013025 1.3573 1080.9 1.457 -0.557 6.61 4531.0 MSCT0_1902250758
8540.182170 1.144943 0.061986 1.3593 1252.2 1.340 -10.850 11.36 1914.0 MSCT0_1902250759
8540.182541 1.069300 0.035272 1.3619 1222.5 2.538 0.594 8.68 2423.0 MSCT0_1902250760
