#BJD_TDB	rel_flux_T1_n	rel_flux_err_T1_n	rel_flux_T76_n	rel_flux_err_T76_n	AIRMASS	Sky/Pixel_T1	Width_T1	tot_C_cnts	X(FITS)_T1	Y(FITS)_T1
2458242.711693	0.994172	0.000967	0.991692	0.002898	2.574742	320.481125	15.509983	22674472.201913	1765.484058	2171.060773
2458242.712994	0.992968	0.000950	0.993294	0.002898	2.540946	316.561919	15.304726	22809136.677585	1764.911011	2170.766593
2458242.714303	0.996647	0.000950	1.001836	0.002822	2.508005	310.585500	15.022196	22933215.374232	1765.381664	2170.892562
2458242.715603	1.001598	0.000950	0.996650	0.002822	2.476343	308.029237	15.144591	22991019.164147	1765.133374	2171.117602
2458242.716904	1.002616	0.000950	0.998861	0.002822	2.445671	303.110553	15.313882	23014513.507690	1764.822712	2170.891236
2458242.718205	1.000344	0.000933	1.002751	0.002822	2.415932	297.628275	15.226540	23190148.100593	1764.796389	2171.187104
2458242.719505	0.995426	0.000933	1.002293	0.002822	2.387125	294.000730	14.829734	23254184.999134	1764.460823	2171.082648
2458242.720805	0.996766	0.000933	0.997641	0.002746	2.359188	293.158159	14.595846	23329173.312167	1764.467307	2171.024454
2458242.722106	0.999869	0.000933	1.000082	0.002746	2.332089	290.638126	14.739873	23370408.249873	1764.175485	2171.106558
2458242.723406	0.995104	0.000933	1.002141	0.002746	2.305799	285.413723	15.216640	23433054.272781	1764.401372	2171.371180
2458242.724706	0.992154	0.000933	1.002141	0.002746	2.280284	288.892247	15.156940	23491070.560953	1764.042980	2170.802542
2458242.726059	0.993493	0.000916	1.002751	0.002746	2.254536	284.536444	15.118395	23524897.420702	1764.049366	2170.948290
2458242.727360	1.002497	0.000933	0.997031	0.002746	2.230502	285.891751	15.049756	23548246.628252	1764.452916	2171.097521
2458242.728660	0.993510	0.000916	0.992379	0.002746	2.207170	287.413997	14.935607	23639007.404211	1763.788157	2171.644306
2458242.729960	0.996868	0.000916	1.008471	0.002746	2.184500	291.486038	15.228884	23668443.310316	1763.555764	2171.331044
2458242.731259	0.999309	0.000933	1.002675	0.002746	2.162484	297.764414	15.160257	23754290.918610	1763.808066	2171.227127
2458242.732560	0.999394	0.000933	1.000768	0.002746	2.141062	304.656187	15.111156	23795928.653175	1763.567207	2171.103868
2458242.733860	1.002531	0.000933	1.003132	0.002746	2.120237	308.820275	14.819772	23873147.703163	1763.770810	2171.201386
2458242.735160	0.999818	0.000933	1.005192	0.002746	2.100001	314.346457	14.915977	23947191.516469	1763.488010	2171.191897
2458242.736460	1.001395	0.000933	0.999777	0.002822	2.080313	326.625031	14.867539	24006773.565268	1763.496422	2171.480198
2458242.737760	1.000513	0.000933	1.004505	0.002822	2.061151	338.106808	14.809222	24058662.989269	1763.327814	2171.049605
2458242.739157	1.002362	0.000933	1.000005	0.002822	2.041149	349.983732	14.770321	24096547.329990	1763.359350	2171.331891
2458242.740459	1.001819	0.000933	1.000082	0.002898	2.023011	367.972766	14.905372	24118984.976185	1763.564712	2171.496189
2458242.741760	0.996800	0.000950	1.003742	0.002898	2.005388	383.063630	14.828585	24194644.198792	1763.230392	2171.327534
2458242.743059	0.996613	0.000950	1.006488	0.002898	1.988238	399.045523	15.054418	24172769.793554	1763.182076	2171.531780
2458242.744360	1.000276	0.000950	1.005649	0.002974	1.971536	419.513217	15.071931	24210445.182434	1763.257879	2171.492993
2458242.745659	0.998614	0.000967	1.010683	0.002974	1.955284	436.088720	15.719475	24174710.012199	1762.991181	2170.630353
2458242.746961	0.997359	0.000967	1.003819	0.003051	1.939422	454.003455	15.205190	24327370.794413	1763.193305	2171.704356
2458242.748262	0.997614	0.000967	1.006259	0.003051	1.923984	474.108727	14.986521	24351499.113945	1763.047938	2171.109746
2458242.749562	0.997512	0.000967	1.001073	0.003051	1.908953	492.406788	14.956886	24444812.707116	1763.078919	2171.118084
2458242.750912	0.998021	0.000983	1.001226	0.003127	1.893760	509.868679	15.131703	24468049.970035	1762.900199	2171.033002
2458242.752212	0.998360	0.000983	1.000616	0.003127	1.879514	528.495695	14.768609	24508140.408148	1762.847839	2171.469697
2458242.753512	1.001988	0.000983	1.007937	0.003203	1.865627	544.443888	15.011444	24502389.534484	1762.677112	2170.962037
2458242.754812	0.998835	0.001000	1.012666	0.003203	1.852090	562.084012	14.731300	24553819.672386	1762.662293	2171.262587
2458242.757412	1.001598	0.001017	1.002980	0.003356	1.826049	658.020902	14.982879	24630381.992263	1762.942138	2171.378894
2458242.758712	1.000852	0.001068	1.002293	0.003585	1.813524	785.805294	14.908345	24634191.884443	1762.316012	2171.407211
2458242.760012	0.999208	0.001068	1.010759	0.003661	1.801309	840.507670	14.790001	24674227.067064	1762.757795	2171.171786
2458242.761312	0.997275	0.001085	1.003819	0.003737	1.789406	877.949319	15.436941	24625637.374333	1762.671624	2171.349095
2458242.762612	1.001972	0.001102	1.014420	0.003737	1.777804	902.980788	15.523256	24680690.706186	1762.203459	2171.151703
2458242.763912	1.001700	0.001102	1.000997	0.003813	1.766492	927.375831	15.081822	24717055.683072	1762.699952	2171.228240
2458242.765212	1.001446	0.001102	1.008242	0.003813	1.755468	946.377756	15.158160	24778765.701241	1762.728347	2171.380444
2458242.766512	1.001751	0.001119	1.004048	0.003890	1.744715	960.594196	15.912216	24691083.226566	1762.314965	2171.080103
2458242.767813	1.007364	0.001119	1.011750	0.003890	1.734235	979.579473	15.190581	24780820.097407	1761.887468	2171.594403
2458242.769113	0.999479	0.001119	1.003285	0.003890	1.724015	996.123274	15.766482	24778850.033080	1762.305337	2171.343428
2458242.770413	0.998885	0.001119	1.006564	0.003890	1.714060	1007.411750	15.277497	24879357.341753	1761.945047	2171.756588
2458242.771713	0.999920	0.001119	1.004505	0.003890	1.704352	1019.448875	15.666869	24810968.550826	1761.808933	2171.334084
2458242.773013	0.999275	0.001119	1.011598	0.003966	1.694892	1029.093172	15.638403	24834312.257253	1762.545957	2171.100294
2458242.774314	0.995494	0.001119	1.004200	0.003966	1.685665	1039.226912	15.224883	24931301.673374	1762.286121	2171.488140
2458242.775614	1.001463	0.001136	1.009386	0.003966	1.676677	1046.652239	15.267884	24912012.284977	1762.521315	2171.000392
2458242.776914	0.999954	0.001119	1.001836	0.003966	1.667922	1056.458313	15.037731	24990856.650039	1762.677040	2171.412569
2458242.778214	1.002124	0.001136	0.999624	0.003966	1.659387	1066.595315	14.420885	25066766.238631	1762.012744	2171.704620
2458242.779516	1.002328	0.001136	1.004276	0.003966	1.651061	1078.453837	14.453563	25098153.610301	1762.355557	2171.394198
2458242.780816	1.000225	0.001136	1.006412	0.003966	1.642961	1090.503130	14.752461	25052209.041816	1762.202085	2171.491903
2458242.782118	1.002345	0.001136	1.010683	0.003966	1.635061	1096.002508	14.711135	25091511.100691	1762.324379	2171.638383
2458242.783417	1.003718	0.001136	1.006564	0.004042	1.627380	1107.049164	14.625512	25081861.747174	1761.822431	2171.276495
2458242.784718	1.000513	0.001136	1.005954	0.004042	1.619896	1117.459893	14.464846	25133944.948828	1762.528125	2171.797502
2458242.786018	1.001531	0.001136	1.008013	0.004042	1.612609	1125.459731	14.522445	25129070.681663	1761.802745	2171.424810
2458242.787318	1.000445	0.001136	1.009844	0.004042	1.605517	1133.047036	14.720862	25138008.265650	1761.665133	2171.301284
2458242.788618	1.001056	0.001153	1.011522	0.004042	1.598616	1138.832842	15.016001	25114515.255892	1761.882361	2171.669012
2458242.789917	1.002735	0.001153	1.002217	0.004042	1.591901	1144.529945	14.486221	25177837.138951	1762.410580	2171.247269
2458242.791220	1.001683	0.001153	1.004429	0.004042	1.585356	1151.459703	14.356660	25177707.063243	1762.050794	2171.434867
2458242.792520	0.999445	0.001153	1.010530	0.004042	1.578999	1153.904738	14.762856	25191968.523573	1761.945064	2171.159210
2458242.793821	1.001836	0.001153	1.011217	0.004042	1.572819	1156.827246	14.757269	25177150.629317	1762.367757	2171.206539
2458242.795121	1.000802	0.001153	1.009691	0.004042	1.566811	1159.930020	14.718415	25261499.377749	1762.168023	2171.158687
2458242.796421	1.002497	0.001153	1.004886	0.004042	1.560976	1163.769212	14.871895	25264876.511456	1761.720180	2171.755389
2458242.797728	1.005414	0.001153	1.014267	0.004042	1.555278	1168.414241	14.437378	25328146.850800	1762.005008	2171.566019
2458242.799028	1.004583	0.001153	1.005497	0.004042	1.549773	1172.760690	13.857414	25410441.433777	1762.170839	2171.495372
2458242.800329	1.002243	0.001153	1.005573	0.004042	1.544429	1175.475904	14.364489	25371355.920591	1761.739295	2171.183699
2458242.801629	1.003040	0.001153	1.011750	0.004042	1.539245	1180.417497	14.514025	25362937.197438	1762.107836	2171.190813
2458242.802929	0.999937	0.001153	0.997489	0.004042	1.534218	1187.357782	14.386047	25406614.196794	1761.901455	2171.414699
2458242.804231	1.002904	0.001153	1.010835	0.004118	1.529340	1191.958302	14.627920	25349537.486006	1761.408773	2170.996617
2458242.805532	0.998919	0.001153	1.002217	0.004118	1.524617	1195.996117	14.449302	25413870.495921	1762.303440	2171.239387
2458242.806833	1.004651	0.001153	1.005344	0.004118	1.520043	1198.601039	14.579801	25439653.790597	1762.275400	2170.977984
2458242.808133	1.003989	0.001153	1.010378	0.004118	1.515617	1201.597918	14.621904	25433572.222051	1761.816144	2171.030643
2458242.809434	1.001666	0.001153	1.009691	0.004118	1.511339	1207.012696	14.630965	25441168.193959	1761.788258	2171.354361
2458242.810734	1.004091	0.001153	0.994285	0.004118	1.507204	1209.136430	14.858798	25398879.693368	1762.067029	2170.983634
2458242.812033	1.001073	0.001153	1.009615	0.004118	1.503214	1212.455525	15.062622	25392842.534388	1761.724693	2171.286162
2458242.813339	1.001005	0.001153	1.004353	0.004118	1.499343	1211.280824	15.603109	25336803.256468	1762.402096	2170.843530
2458242.814641	1.003701	0.001153	1.009691	0.004118	1.495627	1207.597933	15.125423	25441863.482647	1761.990035	2171.250942
2458242.815941	0.999954	0.001153	1.013810	0.004118	1.492048	1210.089461	14.852813	25478912.283624	1761.909834	2171.163781
2458242.817242	1.005397	0.001153	1.013886	0.004118	1.488604	1217.273083	14.673303	25480732.317530	1761.945228	2170.795560
2458242.818542	1.001090	0.001153	1.009615	0.004118	1.485295	1215.652026	15.027044	25496265.976622	1762.055791	2170.952410
2458242.819847	1.002497	0.001153	1.006107	0.004118	1.482106	1215.412445	14.585483	25536283.326453	1761.927438	2171.185297
2458242.821147	0.999072	0.001153	1.005573	0.004118	1.479060	1218.868594	14.266700	25594838.649772	1761.840921	2170.815336
2458242.822447	1.001361	0.001153	1.003437	0.004118	1.476143	1223.376604	13.860237	25640242.370882	1762.161817	2170.659981
2458242.823747	1.004227	0.001153	1.012132	0.004118	1.473355	1228.600678	13.916743	25633010.253883	1762.097377	2170.899657
2458242.825048	1.001904	0.001153	1.007479	0.004118	1.470692	1230.494032	14.366424	25552384.296982	1761.811718	2170.936766
2458242.826348	1.006194	0.001153	1.010683	0.004118	1.468156	1227.527304	13.985821	25615034.542548	1762.050380	2171.086158
2458242.827648	1.002887	0.001153	1.010301	0.004118	1.465744	1229.993876	14.003698	25604821.418652	1762.245491	2170.477104
2458242.828949	1.003125	0.001153	1.009310	0.004118	1.463455	1229.586957	14.142714	25627522.219699	1762.065339	2170.709586
2458242.830254	1.002412	0.001153	1.008013	0.004118	1.461280	1229.990256	14.316448	25573718.446282	1762.319658	2170.667476
2458242.831554	1.003684	0.001153	1.007861	0.004118	1.459237	1221.415158	14.230964	25660915.234346	1762.403037	2171.065587
2458242.832854	1.003548	0.001153	0.996573	0.004118	1.457315	1219.496447	14.467572	25626206.876010	1762.052823	2170.279486
2458242.834154	1.001514	0.001153	1.002827	0.004118	1.455513	1220.880703	14.639163	25574480.220809	1762.331813	2170.643267
2458242.835454	1.003413	0.001153	1.007098	0.004118	1.453829	1218.452975	14.301898	25638742.630658	1762.039378	2170.981380
2458242.836755	1.003209	0.001153	1.008318	0.004118	1.452264	1218.948737	14.309080	25647125.011343	1762.019166	2170.740866
2458242.838054	1.003158	0.001153	0.988642	0.004042	1.450817	1217.463996	13.995549	25694521.040550	1761.913811	2170.868146
2458242.839355	1.004820	0.001153	0.996573	0.004118	1.449488	1218.067584	14.163087	25700151.063847	1762.355623	2170.765498
2458242.840655	1.001666	0.001153	0.993675	0.004118	1.448275	1220.533997	14.145032	25687353.811134	1762.078752	2170.487457
2458242.841955	1.003905	0.001153	0.998480	0.004118	1.447178	1222.811275	14.741053	25619897.775659	1762.111503	2170.439298
2458242.843255	1.003871	0.001153	0.990014	0.004118	1.446198	1221.140876	14.893866	25589973.794284	1762.405840	2170.406698
2458242.844555	1.004210	0.001153	0.987040	0.004118	1.445332	1222.979003	14.800709	25595227.529146	1762.048127	2170.752533
2458242.845860	1.004108	0.001153	0.982998	0.004118	1.444580	1225.391850	14.302522	25647209.786860	1761.899526	2170.878420
2458242.847160	1.004006	0.001153	0.983227	0.004118	1.443945	1226.158570	14.372486	25666658.645626	1762.424686	2170.740520
2458242.848460	1.003922	0.001153	0.989786	0.004118	1.443425	1228.507618	14.533975	25636287.830038	1762.257394	2170.475640
2458242.849760	1.004430	0.001153	0.972168	0.004118	1.443019	1231.071465	14.490820	25630439.569437	1762.272919	2170.637899
2458242.851061	1.003142	0.001153	0.984523	0.004118	1.442726	1231.274969	14.228343	25703899.692210	1762.565078	2170.607823
2458242.852361	1.004447	0.001153	0.982007	0.004118	1.442549	1233.453701	14.405445	25661018.772090	1762.620217	2170.506081
2458242.853661	1.002531	0.001153	0.981549	0.004118	1.442485	1234.493926	14.567302	25627305.322952	1762.365250	2170.133714
2458242.854962	1.002650	0.001153	0.982922	0.004118	1.442535	1234.442668	14.237011	25694100.734902	1762.609698	2170.034543
2458242.856262	1.002667	0.001153	0.986582	0.004118	1.442699	1234.517514	14.298503	25672193.275935	1762.594358	2170.448572
2458242.857562	1.004481	0.001153	0.971558	0.004118	1.442977	1237.289602	14.885569	25594379.261260	1762.323310	2170.131390
2458242.858869	1.003396	0.001153	0.978880	0.004118	1.443371	1238.939394	14.556353	25633385.968701	1762.470687	2170.377450
2458242.860175	1.000225	0.001153	0.965914	0.004118	1.443881	1239.509634	14.244731	25700985.103726	1762.888653	2170.242066
2458242.861475	1.003396	0.001153	0.974532	0.004118	1.444503	1240.266296	14.493258	25664090.200523	1762.346246	2170.631620
2458242.862775	1.002056	0.001153	0.976973	0.004118	1.445239	1242.547299	14.844454	25612502.722577	1762.652606	2170.170886
2458242.864075	1.002395	0.001153	0.974761	0.004118	1.446091	1243.776465	14.633602	25643354.341882	1762.572637	2170.124915
2458242.865382	1.004142	0.001153	0.972626	0.004118	1.447064	1243.993297	14.754903	25617070.627178	1762.686895	2169.942344
2458242.866682	1.002005	0.001153	0.981015	0.004118	1.448147	1246.679902	15.234375	25553070.677634	1762.695490	2170.032147
2458242.867982	1.001412	0.001153	0.983379	0.004118	1.449347	1247.081378	14.768264	25620624.639505	1762.941343	2170.429676
2458242.869282	1.001751	0.001153	0.983837	0.004118	1.450664	1246.972792	14.788751	25652862.164017	1762.852280	2169.848586
2458242.870582	1.003074	0.001153	0.974837	0.004118	1.452097	1250.442355	14.731347	25644794.991111	1762.715570	2170.085842
2458242.871882	1.005566	0.001153	0.981320	0.004118	1.453649	1252.329500	14.929940	25602944.390595	1763.014057	2170.438909
2458242.873182	1.003192	0.001153	0.968355	0.004118	1.455319	1252.871446	14.750037	25602636.039957	1762.949164	2170.476565
2458242.874482	1.003532	0.001170	0.973388	0.004118	1.457108	1252.105730	14.866490	25569463.865607	1762.484155	2170.166307
2458242.875781	1.005872	0.001153	0.979261	0.004118	1.459016	1254.777778	14.862082	25586852.384582	1762.652204	2170.467077
2458242.877082	1.003854	0.001170	0.979642	0.004118	1.461047	1258.025519	15.025089	25550997.575067	1763.054492	2170.493236
2458242.878382	1.003616	0.001153	0.983989	0.004118	1.463198	1258.423589	14.516823	25639034.134088	1763.242434	2170.076789
2458242.879683	1.003142	0.001153	0.985362	0.004118	1.465473	1260.396222	14.527840	25620655.140149	1763.076583	2170.527975
2458242.880983	1.001361	0.001153	0.975371	0.004118	1.467871	1262.821514	14.519836	25643489.485492	1763.402169	2170.284903
2458242.882283	1.002701	0.001153	0.976897	0.004118	1.470393	1264.115260	14.376555	25649237.958698	1763.003049	2170.138501
2458242.883584	1.003718	0.001170	0.980710	0.004195	1.473042	1265.997768	14.568110	25600834.818928	1762.738047	2170.813384
2458242.884932	1.006584	0.001153	0.985515	0.004118	1.475921	1264.836438	14.412483	25606426.977502	1763.096408	2170.442739
2458242.886240	1.006635	0.001170	0.978498	0.004195	1.478845	1265.434141	14.506727	25593734.344930	1763.138090	2170.216295
2458242.887546	1.001327	0.001153	0.973312	0.004118	1.481896	1269.908382	14.532669	25615240.867788	1762.835045	2170.379839
2458242.888856	1.005566	0.001170	0.979261	0.004195	1.485088	1270.070734	14.590386	25592178.304619	1763.313146	2169.898449
2458242.890156	1.006160	0.001170	0.984066	0.004195	1.488389	1272.638875	15.090316	25485509.473041	1763.537421	2170.725365
2458242.891456	1.005346	0.001170	0.986735	0.004195	1.491823	1273.544103	14.671303	25561856.008807	1763.117522	2170.323932
2458242.892757	1.003955	0.001170	0.973465	0.004195	1.495394	1275.446990	14.718818	25529459.893993	1763.260031	2169.962147
2458242.894057	1.003057	0.001170	0.975066	0.004195	1.499099	1276.075310	14.857328	25514612.805123	1763.541948	2169.809177
2458242.895357	1.003243	0.001170	0.979261	0.004195	1.502942	1277.508585	14.787821	25539178.582537	1763.022110	2170.301957
2458242.896658	1.001785	0.001170	0.980024	0.004195	1.506926	1278.808242	14.816771	25503010.926938	1763.308275	2170.694544
2458242.897959	1.002785	0.001170	0.978117	0.004195	1.511052	1279.790599	15.095929	25500253.853906	1763.418588	2170.653110
2458242.899259	1.000649	0.001170	0.981091	0.004195	1.515321	1281.471040	14.992787	25491800.852261	1763.179777	2170.519666
2458242.900559	1.000818	0.001170	0.992455	0.004195	1.519733	1283.942475	14.820709	25489340.467839	1763.384368	2170.682306
2458242.901859	1.003837	0.001170	0.978117	0.004195	1.524294	1288.855140	15.053006	25447923.120799	1763.409731	2171.042223
2458242.903159	1.002684	0.001170	0.973999	0.004195	1.529005	1289.376989	14.726421	25504446.542455	1763.385786	2170.620654
2458242.904461	1.004549	0.001170	0.977431	0.004195	1.533871	1290.016920	14.515224	25494807.432619	1763.422100	2170.666656
2458242.905761	1.004956	0.001170	0.983074	0.004195	1.538888	1293.869758	14.867979	25438003.608388	1763.657082	2170.680357
2458242.907070	1.002853	0.001170	0.974609	0.004195	1.544095	1295.405833	15.127536	25421496.256446	1764.062029	2171.374093
2458242.908370	1.002768	0.001170	0.980863	0.004195	1.549428	1299.054510	14.694869	25497401.350970	1763.790238	2171.052593
2458242.909670	1.003938	0.001170	0.982159	0.004195	1.554922	1303.136095	14.610772	25463629.644907	1763.929600	2170.209608
2458242.910970	1.001327	0.001170	0.973922	0.004195	1.560580	1306.726767	14.496164	25448740.067525	1763.676481	2170.869954
2458242.912271	1.004651	0.001187	0.989252	0.004271	1.566405	1309.100169	14.700627	25408049.392196	1763.935926	2170.363910
2458242.913571	1.000802	0.001187	0.984295	0.004271	1.572402	1312.962598	14.972400	25372187.367863	1763.950805	2170.870842
2458242.914872	1.000886	0.001187	0.980863	0.004271	1.578571	1312.929523	14.960658	25363471.060147	1764.051446	2170.445310
2458242.916172	1.004193	0.001187	0.975753	0.004271	1.584915	1313.523704	14.721904	25402805.941839	1763.795369	2170.873189
2458242.917473	1.001887	0.001187	0.987726	0.004271	1.591438	1319.062265	14.662285	25379697.160445	1764.195088	2170.917959
2458242.918773	0.999208	0.001187	0.986811	0.004271	1.598143	1324.501088	15.010911	25320487.417681	1763.833262	2171.009333
2458242.920073	1.000327	0.001187	0.987803	0.004271	1.605035	1323.944052	15.135057	25355554.849833	1764.486561	2171.334976
2458242.921372	1.002311	0.001187	0.994285	0.004271	1.612108	1327.478081	14.958877	25319064.175750	1764.096006	2170.461560
2458242.922674	1.003125	0.001187	0.989862	0.004271	1.619386	1329.537672	15.013607	25271130.812933	1763.998079	2170.933675
2458242.923974	1.003515	0.001187	0.997946	0.004271	1.626858	1330.131624	15.242213	25209690.678211	1763.603667	2171.134703
2458242.925274	1.002429	0.001187	1.000692	0.004347	1.634531	1333.267699	15.532855	25155112.705997	1764.247137	2171.055708
2458242.926575	1.002192	0.001187	0.993294	0.004271	1.642412	1335.480507	14.977407	25253038.198089	1764.163274	2170.908791
2458242.927881	0.999581	0.001187	1.009310	0.004347	1.650534	1336.523564	15.146071	25217938.262890	1764.095123	2171.030996
2458242.929182	1.004413	0.001204	1.008318	0.004347	1.658837	1340.670559	15.148138	25171503.303156	1764.272404	2170.724852
2458242.930482	0.999157	0.001204	1.004276	0.004347	1.667358	1343.954756	15.566415	25133551.991005	1764.345915	2170.308217
2458242.931783	1.002650	0.001204	1.012437	0.004347	1.676105	1346.836165	15.453135	25103324.454673	1764.265827	2170.990530
2458242.933083	1.001649	0.001204	1.002065	0.004347	1.685080	1348.078106	15.389650	25100211.787609	1764.595300	2170.220803
2458242.934384	1.000802	0.001204	1.011293	0.004347	1.694287	1355.309045	16.014292	25019643.618851	1765.190345	2170.920878
2458242.935684	1.000649	0.001204	1.006641	0.004347	1.703735	1358.964942	15.377581	25113169.729791	1764.407187	2171.111614
2458242.936992	0.998275	0.001204	1.015945	0.004423	1.713484	1361.025173	15.821823	24963032.637604	1764.248853	2170.363194
2458242.938292	1.002056	0.001204	1.011903	0.004347	1.723426	1365.951442	15.939297	24982566.111466	1764.503700	2170.835051
2458242.939593	1.002260	0.001221	1.013505	0.004423	1.733634	1374.109616	15.719051	24988349.005782	1764.543275	2169.956265
2458242.940893	1.000547	0.001221	1.027156	0.004423	1.744096	1382.059324	15.992600	24828110.855113	1764.204552	2170.794769
2458242.942193	1.002395	0.001221	1.012666	0.004423	1.754830	1383.042616	16.190184	24853484.789099	1764.587961	2170.983711
2458242.943494	1.000039	0.001221	1.019758	0.004423	1.765851	1388.923781	16.082003	24845577.195256	1764.714831	2171.101184
2458242.944794	1.002785	0.001221	1.008318	0.004423	1.777149	1394.487491	16.153460	24824514.152193	1764.548309	2170.786625
2458242.946095	1.000496	0.001221	1.016631	0.004500	1.788740	1402.872727	16.030483	24778589.425238	1764.876121	2171.320945
2458242.947400	0.999750	0.001238	1.012208	0.004500	1.800675	1409.600507	15.818899	24775039.875624	1764.983114	2170.751886
2458242.948700	0.998512	0.001238	1.019377	0.004500	1.812874	1418.477734	16.072164	24737220.623294	1765.242510	2171.064040
2458242.950001	1.003989	0.001238	1.017928	0.004576	1.825386	1425.591127	16.490050	24572921.128192	1764.873906	2170.976512
2458242.951301	1.001853	0.001238	1.027385	0.004500	1.838227	1431.416398	16.240941	24651912.397801	1765.055045	2171.060096
2458242.952601	1.002412	0.001238	1.022199	0.004576	1.851395	1437.991940	16.152303	24643901.279933	1764.890300	2170.657845
2458242.953901	1.000751	0.001255	1.016326	0.004576	1.864912	1444.359466	16.591579	24529052.212557	1764.612860	2171.629739
2458242.955201	1.000123	0.001255	1.023495	0.004576	1.878779	1447.456613	16.557940	24505425.918224	1765.033590	2170.638858
2458242.956501	0.997359	0.001255	1.017699	0.004576	1.893011	1453.151246	16.660753	24489845.377853	1765.033255	2171.344653
2458242.957805	0.998173	0.001255	1.023190	0.004576	1.907653	1460.876597	16.402322	24460875.449456	1765.010407	2171.510240
2458242.959105	0.994494	0.001255	1.024792	0.004652	1.922651	1464.350463	17.131256	24262194.558503	1765.217511	2171.271666
2458242.960406	0.999496	0.001255	1.014801	0.004652	1.938048	1470.426638	16.869020	24378771.703358	1765.057856	2171.346487
2458242.961708	0.995969	0.001255	1.028148	0.004652	1.953882	1478.299417	16.479888	24391518.488974	1765.123000	2170.905615
2458242.963009	0.999055	0.001272	1.015793	0.004652	1.970113	1486.430623	16.350880	24379536.917293	1765.298337	2171.213630
2458242.964309	0.998970	0.001272	1.016708	0.004652	1.986776	1494.533168	16.510816	24350931.253377	1765.130222	2171.262777
2458242.965609	1.000547	0.001272	1.023648	0.004729	2.003885	1507.802268	16.689427	24221529.653843	1764.921723	2171.547160
2458242.966909	0.995867	0.001272	1.013962	0.004729	2.021465	1515.587971	16.729194	24248592.323022	1765.705449	2171.310049
2458242.968210	1.002226	0.001272	1.011674	0.004729	2.039530	1519.620807	16.476058	24248100.705623	1765.471254	2171.109200
2458242.969510	0.996003	0.001289	1.026165	0.004729	2.058093	1525.911084	16.446744	24228808.465708	1765.342555	2171.188511
2458242.970812	0.998021	0.001289	1.020063	0.004805	2.077198	1538.556213	16.764765	24072445.362249	1765.449881	2171.111464
2458242.972114	0.998343	0.001289	1.021055	0.004805	2.096819	1551.711848	16.727101	24040627.556564	1765.609227	2171.165537
2458242.973414	0.998055	0.001306	1.026622	0.004805	2.116985	1563.942236	16.982190	24077308.263855	1766.121969	2171.499987
2458242.974713	0.997936	0.001306	1.026241	0.004881	2.137695	1582.124485	16.904199	23992002.053527	1765.570923	2171.598971
2458242.976015	0.993544	0.001323	1.014038	0.004881	2.159034	1596.522062	17.187950	23848274.562146	1765.654707	2171.371030
2458242.977315	0.994646	0.001323	1.027995	0.004881	2.180969	1611.856434	17.074755	23901395.583964	1765.711566	2171.456437
2458242.978616	0.995782	0.001323	1.025021	0.004957	2.203539	1631.246475	16.912197	23817780.013489	1765.799164	2171.912485
2458242.979916	0.994663	0.001340	1.018386	0.005034	2.226778	1661.988011	17.436052	23599483.725863	1766.002217	2171.618717
2458242.981276	0.995596	0.001340	1.023343	0.005034	2.251793	1698.840173	17.209465	23684533.672069	1766.171666	2171.285372
2458242.982576	0.994816	0.001357	1.023343	0.005110	2.276460	1743.186612	16.947025	23738238.735333	1766.038691	2171.640969
2458242.983877	0.996817	0.001373	1.027766	0.005186	2.301862	1809.102552	17.121681	23610597.400683	1766.190546	2171.611039
2458242.985177	0.994036	0.001407	1.030207	0.005339	2.328030	1896.294089	17.124777	23608891.389636	1766.053346	2171.472766
