# GJD-2450000 flux err airmass sky dx dy baserun
8207.939392 1.022139 0.011948 1.0578 931.9 2.210 -0.785 MSCT2_1803300071
8207.940006 0.996628 0.011918 1.0573 930.7 1.661 -0.518 MSCT2_1803300072
8207.940608 0.970650 0.011854 1.0568 951.5 0.000 0.000 MSCT2_1803300073
8207.941233 1.016437 0.012024 1.0563 940.7 -0.840 0.896 MSCT2_1803300074
8207.941846 1.003057 0.011971 1.0559 932.5 -1.292 -0.134 MSCT2_1803300075
8207.942459 1.008211 0.011703 1.0554 933.7 -2.534 0.606 MSCT2_1803300076
8207.943061 1.002992 0.012077 1.0549 935.0 -3.935 0.158 MSCT2_1803300077
8207.943686 0.975099 0.011905 1.0545 931.4 -5.135 -0.417 MSCT2_1803300078
8207.944288 1.004361 0.012069 1.0541 926.4 -5.332 -0.138 MSCT2_1803300079
8207.944902 1.001556 0.011827 1.0537 923.0 -6.261 0.857 MSCT2_1803300080
8207.945527 0.989297 0.011771 1.0533 922.0 -7.295 1.038 MSCT2_1803300081
8207.946128 1.025037 0.012100 1.0529 926.4 -1.812 -0.250 MSCT2_1803300082
8207.946742 0.989983 0.011697 1.0525 928.7 -2.925 -0.035 MSCT2_1803300083
8207.947355 2.987870 0.052908 1.0522 930.7 0.100 -0.286 MSCT2_1803300084
8207.947969 0.987836 0.011957 1.0518 931.3 -0.652 -1.299 MSCT2_1803300085
8207.948582 0.961061 0.011697 1.0515 933.3 -2.087 0.949 MSCT2_1803300086
8207.949207 0.977067 0.011768 1.0512 934.2 -3.132 1.914 MSCT2_1803300087
8207.949821 0.981257 0.011758 1.0509 936.6 -0.840 0.193 MSCT2_1803300088
8207.950434 1.003244 0.011781 1.0506 933.5 -1.001 0.252 MSCT2_1803300089
8207.951047 0.999639 0.011977 1.0503 937.0 -2.287 -0.359 MSCT2_1803300090
8207.951672 1.004328 0.012286 1.0500 976.1 -3.958 -1.000 MSCT2_1803300091
8207.952297 0.970706 0.011895 1.0498 944.2 -0.796 -0.896 MSCT2_1803300092
8207.952911 0.985009 0.011943 1.0495 930.8 -2.381 -0.071 MSCT2_1803300093
8207.953524 15.198125 0.610192 1.0497 930.3 -95.181 -67.514 MSCT2_1803300094
8207.954138 15.246009 0.535194 1.0495 930.3 45.556 143.263 MSCT2_1803300095
8207.954740 4.445557 0.174118 1.0497 927.4 29.567 -80.755 MSCT2_1803300096
8207.955353 4.782387 0.168713 1.0495 927.1 28.280 -80.900 MSCT2_1803300097
8207.955966 4.634805 0.158700 1.0493 929.7 41.928 -76.828 MSCT2_1803300098
8207.956568 4.456681 0.148624 1.0492 924.4 40.926 -76.786 MSCT2_1803300099
8207.957182 4.671191 0.155308 1.0490 924.6 41.907 -75.809 MSCT2_1803300100
8207.957784 5.023359 0.176324 1.0489 922.6 40.914 -76.912 MSCT2_1803300101
8207.958374 5.058613 0.178177 1.0488 920.5 42.414 -77.186 MSCT2_1803300102
8207.958976 4.884667 0.171731 1.0487 920.1 41.443 -77.180 MSCT2_1803300103
8207.959589 4.995894 0.174530 1.0486 925.5 41.396 -76.192 MSCT2_1803300104
8207.960191 4.911243 0.174401 1.0485 928.2 40.872 -76.665 MSCT2_1803300105
8207.960793 4.777380 0.165267 1.0484 929.8 42.314 -76.630 MSCT2_1803300106
8207.961383 4.854536 0.168975 1.0484 934.0 40.726 -76.609 MSCT2_1803300107
8207.961997 4.101012 0.124693 1.0483 932.6 42.373 -77.980 MSCT2_1803300108
8207.962598 4.967694 0.178791 1.0483 934.8 41.555 -78.492 MSCT2_1803300109
8207.963200 4.796028 0.165651 1.0483 934.3 42.748 -75.897 MSCT2_1803300110
8207.963814 4.966383 0.179344 1.0483 928.0 42.092 -76.062 MSCT2_1803300111
8207.966337 0.932031 0.011829 1.0476 932.0 18.459 27.177 MSCT2_1803300113
8207.966927 0.924323 0.011832 1.0476 931.5 18.272 28.480 MSCT2_1803300114
8207.967529 0.902072 0.011589 1.0477 930.5 17.271 29.651 MSCT2_1803300115
8207.968119 0.914762 0.012442 1.0478 957.2 -1.246 -1.245 MSCT2_1803300116
8207.968709 0.903629 0.011797 1.0479 953.3 -2.035 -0.518 MSCT2_1803300117
8207.969323 0.893608 0.011632 1.0480 935.9 -0.451 -0.341 MSCT2_1803300118
8207.969936 0.920465 0.011876 1.0481 934.2 -1.232 0.487 MSCT2_1803300119
8207.970550 0.923786 0.011496 1.0483 933.5 -2.273 0.957 MSCT2_1803300120
8207.971140 0.924886 0.011719 1.0484 935.9 -2.942 0.963 MSCT2_1803300121
8207.971742 0.920401 0.011793 1.0485 935.2 -3.986 1.161 MSCT2_1803300122
8207.972355 0.909272 0.011756 1.0487 936.8 -1.035 0.374 MSCT2_1803300123
8207.972969 0.897559 0.011669 1.0489 938.0 -1.292 1.027 MSCT2_1803300124
8207.973582 0.915163 0.011731 1.0491 938.3 -2.566 -0.589 MSCT2_1803300125
8207.974207 0.911464 0.011738 1.0493 940.5 -2.467 -1.270 MSCT2_1803300126
8207.974821 0.909435 0.011922 1.0495 945.0 -1.578 -0.095 MSCT2_1803300127
8207.975434 0.897615 0.011662 1.0498 940.9 -1.731 0.084 MSCT2_1803300128
8207.976047 0.934719 0.011989 1.0500 941.0 -2.035 0.750 MSCT2_1803300129
8207.976661 0.913518 0.012018 1.0503 941.3 -3.203 1.192 MSCT2_1803300130
8207.977274 0.922440 0.011921 1.0506 936.6 -0.170 1.179 MSCT2_1803300131
8207.977876 0.914728 0.011834 1.0509 938.2 -2.106 1.335 MSCT2_1803300132
8207.978490 0.927508 0.011813 1.0512 941.8 -0.996 0.169 MSCT2_1803300133
8207.979103 0.923082 0.011948 1.0515 941.8 -2.086 -0.029 MSCT2_1803300134
8207.979716 0.897483 0.011676 1.0518 935.2 -0.058 1.270 MSCT2_1803300135
8207.980330 0.914596 0.011906 1.0521 938.4 0.229 0.952 MSCT2_1803300136
8207.980932 0.945748 0.012093 1.0525 952.7 -1.823 0.731 MSCT2_1803300137
8207.981545 0.906791 0.011925 1.0529 960.1 -3.216 0.685 MSCT2_1803300138
8207.982170 0.923912 0.012029 1.0533 971.8 0.318 -0.590 MSCT2_1803300139
8207.982784 0.941508 0.012251 1.0537 970.1 -0.503 0.251 MSCT2_1803300140
8207.983397 0.947203 0.012324 1.0541 977.4 -2.221 1.779 MSCT2_1803300141
8207.984010 0.947113 0.012586 1.0545 996.0 -3.102 1.640 MSCT2_1803300142
8207.984624 0.934818 0.014134 1.0549 1125.4 -0.994 -1.343 MSCT2_1803300143
8207.985237 0.959797 0.016969 1.0554 1288.4 -1.458 -0.204 MSCT2_1803300144
8207.985851 0.952129 0.013795 1.0558 1076.7 -1.104 -0.391 MSCT2_1803300145
8207.986464 0.958265 0.014109 1.0563 1127.3 -2.473 -0.233 MSCT2_1803300146
8207.987078 0.931483 0.012696 1.0568 1036.1 -0.958 1.230 MSCT2_1803300147
8207.987691 0.938243 0.013031 1.0573 1053.2 -1.429 0.783 MSCT2_1803300148
8207.988281 0.965853 0.013060 1.0578 1059.8 -2.521 0.913 MSCT2_1803300149
8207.988895 0.961374 0.012492 1.0583 986.9 -3.159 1.268 MSCT2_1803300150
8207.989497 0.964437 0.012424 1.0588 978.7 -1.598 -0.440 MSCT2_1803300151
8207.990110 0.969362 0.012511 1.0594 977.9 -1.451 0.069 MSCT2_1803300152
8207.990712 0.987975 0.012630 1.0599 973.7 -2.966 1.369 MSCT2_1803300153
8207.991314 0.968922 0.012313 1.0605 973.9 -4.338 1.346 MSCT2_1803300154
8207.991939 0.973484 0.012373 1.0612 977.0 -1.115 0.004 MSCT2_1803300155
8207.992552 0.994757 0.012669 1.0617 981.0 -1.552 0.065 MSCT2_1803300156
8207.993166 0.971906 0.012400 1.0624 982.1 -2.537 0.004 MSCT2_1803300157
8207.993779 0.988591 0.012421 1.0630 983.2 -3.474 0.428 MSCT2_1803300158
8207.994392 0.981881 0.012570 1.0636 984.6 -1.119 0.670 MSCT2_1803300159
8207.995006 0.994840 0.012540 1.0643 984.5 -1.570 0.484 MSCT2_1803300160
8207.995619 0.973665 0.012379 1.0650 987.0 -2.148 0.395 MSCT2_1803300161
8207.996244 1.007880 0.012636 1.0657 987.8 -3.247 0.844 MSCT2_1803300162
8207.996858 1.015200 0.012826 1.0664 991.1 -0.957 0.712 MSCT2_1803300163
8207.997471 0.991259 0.012836 1.0671 990.4 -1.488 -0.163 MSCT2_1803300164
8207.998084 0.989491 0.012685 1.0679 989.4 -2.066 1.179 MSCT2_1803300165
8207.998698 0.986519 0.012578 1.0686 988.2 -3.051 2.154 MSCT2_1803300166
8207.999323 0.990613 0.012660 1.0694 985.9 -1.247 -0.001 MSCT2_1803300167
8207.999925 0.991732 0.012729 1.0701 986.0 -1.495 0.147 MSCT2_1803300168
8208.000538 0.992736 0.012757 1.0709 985.8 -3.010 0.185 MSCT2_1803300169
8208.001152 0.989777 0.012581 1.0717 986.4 -2.438 1.413 MSCT2_1803300170
8208.001753 0.996342 0.012627 1.0725 986.8 -3.260 -0.261 MSCT2_1803300171
8208.002367 1.013173 0.012774 1.0734 985.9 -4.284 0.361 MSCT2_1803300172
8208.002969 1.009633 0.012931 1.0742 988.6 -0.927 0.684 MSCT2_1803300173
8208.003582 1.016932 0.013367 1.0751 1077.6 -2.859 0.753 MSCT2_1803300174
8208.004196 1.006685 0.012896 1.0760 1001.9 -1.163 0.017 MSCT2_1803300175
8208.004809 0.984844 0.012619 1.0768 984.5 -1.437 0.915 MSCT2_1803300176
8208.005422 1.037394 0.012873 1.0777 979.9 -2.739 0.032 MSCT2_1803300177
8208.006036 1.011165 0.012932 1.0787 980.0 -3.249 1.108 MSCT2_1803300178
8208.006661 0.989278 0.012675 1.0796 980.7 -0.622 0.263 MSCT2_1803300179
8208.007274 1.012114 0.012830 1.0806 979.6 -1.911 0.632 MSCT2_1803300180
8208.007888 1.000056 0.012887 1.0815 981.1 -2.583 0.640 MSCT2_1803300181
8208.008501 1.023700 0.012918 1.0825 978.9 -3.788 0.130 MSCT2_1803300182
8208.009115 0.974586 0.012582 1.0836 977.4 -0.494 0.326 MSCT2_1803300183
8208.009728 0.990844 0.012739 1.0846 976.4 -1.834 1.518 MSCT2_1803300184
8208.010341 1.001306 0.012729 1.0856 976.5 -1.905 -1.125 MSCT2_1803300185
8208.010966 1.008036 0.012727 1.0866 974.5 -2.995 0.493 MSCT2_1803300186
8208.011580 0.981556 0.012518 1.0877 976.0 -0.731 -0.336 MSCT2_1803300187
8208.012205 0.994291 0.012682 1.0888 976.4 -1.547 -0.073 MSCT2_1803300188
8208.012818 0.991669 0.012449 1.0899 975.6 -2.328 0.403 MSCT2_1803300189
8208.013432 0.994431 0.012771 1.0910 977.6 -3.312 0.356 MSCT2_1803300190
8208.014045 0.990545 0.012997 1.0920 1022.7 -0.585 0.164 MSCT2_1803300191
8208.014670 1.007738 0.012895 1.0933 1019.5 -1.226 0.411 MSCT2_1803300192
8208.015284 1.016580 0.012945 1.0944 981.4 -1.446 0.101 MSCT2_1803300193
8208.015885 1.022580 0.012921 1.0956 975.7 -2.841 0.774 MSCT2_1803300194
8208.016510 1.000000 0.012561 1.0967 975.3 -1.411 -0.798 MSCT2_1803300195
8208.017112 0.997325 0.012666 1.0979 975.0 -1.806 -0.718 MSCT2_1803300196
8208.017737 0.998723 0.012636 1.0992 973.8 -2.527 0.156 MSCT2_1803300197
8208.018351 1.002039 0.012530 1.1004 980.6 -2.693 0.668 MSCT2_1803300198
8208.018964 1.014665 0.013213 1.1017 1017.5 -1.154 0.827 MSCT2_1803300199
8208.019578 1.025065 0.013075 1.1029 1007.0 -1.399 0.996 MSCT2_1803300200
8208.020191 1.019944 0.013120 1.1042 1029.8 -2.785 -0.525 MSCT2_1803300201
8208.020804 0.988158 0.012815 1.1054 992.7 -3.321 0.669 MSCT2_1803300202
8208.021429 1.008765 0.012906 1.1069 988.9 -1.278 -0.628 MSCT2_1803300203
8208.022043 1.007239 0.012721 1.1082 986.4 -1.998 -0.462 MSCT2_1803300204
8208.022668 1.000903 0.012710 1.1095 990.0 -2.010 -0.167 MSCT2_1803300205
8208.023304 1.031951 0.012956 1.1110 992.3 -2.891 1.638 MSCT2_1803300206
8208.023918 1.001019 0.012745 1.1123 993.6 -1.253 -0.927 MSCT2_1803300207
8208.024520 0.998583 0.012769 1.1137 993.6 -0.749 -0.154 MSCT2_1803300208
8208.025145 1.024187 0.013110 1.1151 997.1 -1.926 -0.382 MSCT2_1803300209
8208.025758 1.012843 0.012975 1.1166 994.5 -1.897 1.121 MSCT2_1803300210
8208.026372 0.521172 0.011432 1.1180 993.4 -3.726 -0.855 MSCT2_1803300211
8208.026985 0.991803 0.012904 1.1195 990.0 -3.892 0.093 MSCT2_1803300212
8208.027598 0.991830 0.012672 1.1209 989.4 0.019 0.196 MSCT2_1803300213
8208.028212 0.990859 0.012817 1.1224 1014.7 0.199 1.022 MSCT2_1803300214
8208.028825 1.017285 0.012966 1.1239 1017.9 -1.630 -1.309 MSCT2_1803300215
8208.029439 1.012141 0.012676 1.1254 996.3 -1.565 -0.725 MSCT2_1803300216
8208.030064 1.005515 0.012721 1.1271 997.1 -2.740 0.172 MSCT2_1803300217
8208.030677 1.003601 0.013158 1.1287 1060.5 -3.707 0.574 MSCT2_1803300218
8208.031302 1.021749 0.013202 1.1302 1035.6 0.079 -0.045 MSCT2_1803300219
8208.031916 1.029268 0.012879 1.1318 1004.6 -0.685 0.567 MSCT2_1803300220
8208.032517 1.025202 0.012842 1.1334 1003.5 -1.645 0.561 MSCT2_1803300221
8208.033131 1.003778 0.012525 1.1351 1008.4 -2.063 0.317 MSCT2_1803300222
8208.033733 1.028112 0.012877 1.1367 1007.0 -2.478 -0.215 MSCT2_1803300223
8208.034346 1.003014 0.012868 1.1385 1001.1 -2.049 0.646 MSCT2_1803300224
8208.034959 1.002245 0.012898 1.1402 998.6 -2.388 1.129 MSCT2_1803300225
8208.035573 1.002216 0.012777 1.1419 1004.4 -2.988 1.503 MSCT2_1803300226
8208.036186 0.988817 0.012755 1.1436 1015.1 -0.235 -0.416 MSCT2_1803300227
8208.036823 0.999769 0.012898 1.1455 1007.0 -0.906 -0.566 MSCT2_1803300228
8208.037436 1.004214 0.012791 1.1472 1006.6 -1.887 0.062 MSCT2_1803300229
8208.038050 1.018878 0.012897 1.1490 1007.3 -1.835 0.884 MSCT2_1803300230
8208.038663 1.002012 0.012777 1.1508 1008.2 -2.066 0.174 MSCT2_1803300231
8208.039277 1.008267 0.012779 1.1526 1005.7 -2.414 0.491 MSCT2_1803300232
8208.039890 1.042203 0.012998 1.1546 1006.7 -0.300 -0.348 MSCT2_1803300233
8208.040492 1.001036 0.012749 1.1564 1007.8 -0.558 -0.893 MSCT2_1803300234
8208.041105 1.000374 0.012752 1.1583 1008.4 -0.934 0.300 MSCT2_1803300235
8208.041719 1.012482 0.012971 1.1602 1007.8 -1.893 0.764 MSCT2_1803300236
8208.042332 0.993427 0.012913 1.1621 1011.7 -2.750 -0.085 MSCT2_1803300237
8208.042934 1.010735 0.012945 1.1640 1012.2 -2.037 0.786 MSCT2_1803300238
8208.043547 0.996063 0.012673 1.1660 1013.5 -2.832 -0.581 MSCT2_1803300239
8208.044149 1.015042 0.012951 1.1679 1009.1 -2.829 0.489 MSCT2_1803300240
8208.044763 1.029533 0.013135 1.1699 1009.7 -0.192 -1.327 MSCT2_1803300241
8208.045388 1.007901 0.012844 1.1721 1007.9 -1.573 -1.240 MSCT2_1803300242
8208.045990 1.016720 0.013046 1.1742 1007.8 -1.818 -0.006 MSCT2_1803300243
8208.046615 1.019724 0.012958 1.1762 1011.2 -1.449 0.538 MSCT2_1803300244
8208.047216 1.005877 0.013054 1.1783 1018.2 -2.334 -0.024 MSCT2_1803300245
8208.047830 1.008692 0.013143 1.1804 1019.5 -1.744 0.775 MSCT2_1803300246
8208.048443 1.014603 0.013198 1.1825 1019.6 -1.519 -0.372 MSCT2_1803300247
8208.049057 1.001194 0.012732 1.1848 1022.1 -3.017 -0.333 MSCT2_1803300248
8208.049670 1.014535 0.013034 1.1870 1021.8 -0.825 -0.597 MSCT2_1803300249
8208.050284 0.992757 0.012854 1.1892 1023.2 0.182 0.630 MSCT2_1803300250
8208.050897 1.010776 0.013248 1.1913 1027.7 -1.610 -0.268 MSCT2_1803300251
8208.051510 1.009056 0.013056 1.1936 1028.3 -1.759 -0.593 MSCT2_1803300252
8208.052112 1.014285 0.012999 1.1959 1028.3 -2.470 -0.458 MSCT2_1803300253
8208.052726 1.025867 0.013053 1.1981 1029.9 -1.500 0.037 MSCT2_1803300254
8208.053328 0.990718 0.012935 1.2004 1034.8 -2.224 0.207 MSCT2_1803300255
